protein_id	protein_name	species_code	species_name	current_family	CPAP1_score	CPAP1_evalue	CPAP3_score	CPAP3_evalue	delta_CPAP1_minus_CPAP3	best_CPAP_score	classifier_prediction	confidence	status	architecture_validation	length	cysteine_count	strict_ChtBD2_windows	jasrapuria_ChtBD2_windows	relaxed_ChtBD2_windows	strict_ChtBD2_nonoverlap	jasrapuria_ChtBD2_nonoverlap	relaxed_ChtBD2_nonoverlap	best_distance_from_strict	best_distance_from_jasrapuria	best_spacing	best_window_start	best_window_end
Aae_CPR100A	CPR100A	Aae	Aedes aegypti	CPR RR-1	0.0	None	0.0	None	0.0	0.0	no_confident_CPAP_hit	low	no_confident_hit	no_ChtBD2_support	254	0	0	0	0	0	0	0	NA	NA	NA	NA	NA
Aae_L000085-PA	L000085-PA	Aae	Aedes aegypti	NULL	0.0	None	0.0	None	0.0	0.0	no_confident_CPAP_hit	low	no_confident_hit	no_ChtBD2_support	159	1	0	0	0	0	0	0	NA	NA	NA	NA	NA
Aae_L004771-PA	L004771-PA	Aae	Aedes aegypti	NULL	0.0	None	0.0	None	0.0	0.0	no_confident_CPAP_hit	low	no_confident_hit	no_ChtBD2_support	115	0	0	0	0	0	0	0	NA	NA	NA	NA	NA
Aae_L008973-PA	L008973-PA	Aae	Aedes aegypti	NULL	0.0	None	0.0	None	0.0	0.0	no_confident_CPAP_hit	low	no_confident_hit	no_ChtBD2_support	129	1	0	0	0	0	0	0	NA	NA	NA	NA	NA
Aae_L008980-PA	L008980-PA	Aae	Aedes aegypti	NULL	0.0	None	0.0	None	0.0	0.0	no_confident_CPAP_hit	low	no_confident_hit	no_ChtBD2_support	129	1	0	0	0	0	0	0	NA	NA	NA	NA	NA
Aae_L008996-PA	L008996-PA	Aae	Aedes aegypti	NULL	0.0	None	0.0	None	0.0	0.0	no_confident_CPAP_hit	low	no_confident_hit	no_ChtBD2_support	129	1	0	0	0	0	0	0	NA	NA	NA	NA	NA
Aae_L009001-PA	L009001-PA	Aae	Aedes aegypti	NULL	0.0	None	0.0	None	0.0	0.0	no_confident_CPAP_hit	low	no_confident_hit	no_ChtBD2_support	149	2	0	0	0	0	0	0	NA	NA	NA	NA	NA
Aae_L014769-PA	L014769-PA	Aae	Aedes aegypti	NULL	0.0	None	0.0	None	0.0	0.0	no_confident_CPAP_hit	low	no_confident_hit	no_ChtBD2_support	129	1	0	0	0	0	0	0	NA	NA	NA	NA	NA
Aae_L015281-PA	L015281-PA	Aae	Aedes aegypti	NULL	0.0	None	0.0	None	0.0	0.0	no_confident_CPAP_hit	low	no_confident_hit	no_ChtBD2_support	129	1	0	0	0	0	0	0	NA	NA	NA	NA	NA
Aae_PC	PC	Aae	Aedes aegypti	CPR RR-2	0.0	None	0.0	None	0.0	0.0	no_confident_CPAP_hit	low	no_confident_hit	no_ChtBD2_support	104	0	0	0	0	0	0	0	NA	NA	NA	NA	NA
Aal_Cp19	Cp19	Aal	Aedes albopictus	CPR RR-2	0.0	None	0.0	None	0.0	0.0	no_confident_CPAP_hit	low	no_confident_hit	no_ChtBD2_support	104	1	0	0	0	0	0	0	NA	NA	NA	NA	NA
Ace_CPR2	CPR2	Ace	Apis cerana	CPR RR-1	0.0	None	0.0	None	0.0	0.0	no_confident_CPAP_hit	low	no_confident_hit	no_ChtBD2_support	234	1	0	0	0	0	0	0	NA	NA	NA	NA	NA
Aga_CPAP1-M	CPAP1-M	Aga	Anopheles gambiae	CPAP1	0.0	None	0.0	None	0.0	0.0	no_confident_CPAP_hit	low	no_confident_hit	no_ChtBD2_support	315	2	0	0	0	0	0	0	NA	NA	NA	NA	NA
Aga_CPF1	CPF1	Aga	Anopheles gambiae	CPF	0.0	None	0.0	None	0.0	0.0	no_confident_CPAP_hit	low	no_confident_hit	no_ChtBD2_support	238	0	0	0	0	0	0	0	NA	NA	NA	NA	NA
Aga_CPF2	CPF2	Aga	Anopheles gambiae	CPF	0.0	None	0.0	None	0.0	0.0	no_confident_CPAP_hit	low	no_confident_hit	no_ChtBD2_support	295	0	0	0	0	0	0	0	NA	NA	NA	NA	NA
Aga_CPF3	CPF3	Aga	Anopheles gambiae	CPF	0.0	None	0.0	None	0.0	0.0	no_confident_CPAP_hit	low	no_confident_hit	no_ChtBD2_support	137	0	0	0	0	0	0	0	NA	NA	NA	NA	NA
Aga_CPF4	CPF4	Aga	Anopheles gambiae	CPF	0.0	None	0.0	None	0.0	0.0	no_confident_CPAP_hit	low	no_confident_hit	no_ChtBD2_support	178	0	0	0	0	0	0	0	NA	NA	NA	NA	NA
Aga_CPFL1	CPFL1	Aga	Anopheles gambiae	CPFL	0.0	None	0.0	None	0.0	0.0	no_confident_CPAP_hit	low	no_confident_hit	no_ChtBD2_support	251	1	0	0	0	0	0	0	NA	NA	NA	NA	NA
Aga_CPFL2	CPFL2	Aga	Anopheles gambiae	CPFL	0.0	None	0.0	None	0.0	0.0	no_confident_CPAP_hit	low	no_confident_hit	no_ChtBD2_support	229	1	0	0	0	0	0	0	NA	NA	NA	NA	NA
Aga_CPFL3	CPFL3	Aga	Anopheles gambiae	CPFL	0.0	None	0.0	None	0.0	0.0	no_confident_CPAP_hit	low	no_confident_hit	no_ChtBD2_support	240	1	0	0	0	0	0	0	NA	NA	NA	NA	NA
Aga_CPFL4	CPFL4	Aga	Anopheles gambiae	CPFL	0.0	None	0.0	None	0.0	0.0	no_confident_CPAP_hit	low	no_confident_hit	no_ChtBD2_support	196	1	0	0	0	0	0	0	NA	NA	NA	NA	NA
Aga_CPFL5	CPFL5	Aga	Anopheles gambiae	CPFL	0.0	None	0.0	None	0.0	0.0	no_confident_CPAP_hit	low	no_confident_hit	no_ChtBD2_support	196	1	0	0	0	0	0	0	NA	NA	NA	NA	NA
Aga_CPFL6	CPFL6	Aga	Anopheles gambiae	CPFL	0.0	None	0.0	None	0.0	0.0	no_confident_CPAP_hit	low	no_confident_hit	no_ChtBD2_support	196	1	0	0	0	0	0	0	NA	NA	NA	NA	NA
Aga_CPFL7	CPFL7	Aga	Anopheles gambiae	CPFL	0.0	None	0.0	None	0.0	0.0	no_confident_CPAP_hit	low	no_confident_hit	no_ChtBD2_support	229	1	0	0	0	0	0	0	NA	NA	NA	NA	NA
Aga_CPLC#	CPLCG4	Aga	Anopheles gambiae	CPLCG	0.0	None	0.0	None	0.0	0.0	no_confident_CPAP_hit	low	no_confident_hit	no_ChtBD2_support	120	0	0	0	0	0	0	0	NA	NA	NA	NA	NA
Aga_CPLC8	CPLCG3	Aga	Anopheles gambiae	CPLCG	0.0	None	0.0	None	0.0	0.0	no_confident_CPAP_hit	low	no_confident_hit	no_ChtBD2_support	135	1	0	0	0	0	0	0	NA	NA	NA	NA	NA
Aga_CPLCA1	CPLCA1	Aga	Anopheles gambiae	CPLCA	0.0	None	0.0	None	0.0	0.0	no_confident_CPAP_hit	low	no_confident_hit	no_ChtBD2_support	194	0	0	0	0	0	0	0	NA	NA	NA	NA	NA
Aga_CPLCA2	CPLCA2	Aga	Anopheles gambiae	CPLCA	0.0	None	0.0	None	0.0	0.0	no_confident_CPAP_hit	low	no_confident_hit	no_ChtBD2_support	196	0	0	0	0	0	0	0	NA	NA	NA	NA	NA
Aga_CPLCA3	CPLCA3	Aga	Anopheles gambiae	CPLCA	0.0	None	0.0	None	0.0	0.0	no_confident_CPAP_hit	low	no_confident_hit	no_ChtBD2_support	128	0	0	0	0	0	0	0	NA	NA	NA	NA	NA
Aga_CPLCG1	CPLCG1	Aga	Anopheles gambiae	CPLCG	0.0	None	0.0	None	0.0	0.0	no_confident_CPAP_hit	low	no_confident_hit	no_ChtBD2_support	125	1	0	0	0	0	0	0	NA	NA	NA	NA	NA
Aga_CPLCG10	CPLCG10	Aga	Anopheles gambiae	CPLCG	0.0	None	0.0	None	0.0	0.0	no_confident_CPAP_hit	low	no_confident_hit	no_ChtBD2_support	163	2	0	0	0	0	0	0	NA	NA	NA	NA	NA
Aga_CPLCG11	CPLCG11	Aga	Anopheles gambiae	CPLCG	0.0	None	0.0	None	0.0	0.0	no_confident_CPAP_hit	low	no_confident_hit	no_ChtBD2_support	191	0	0	0	0	0	0	0	NA	NA	NA	NA	NA
Aga_CPLCG12	CPLCG12	Aga	Anopheles gambiae	CPLCG	0.0	None	0.0	None	0.0	0.0	no_confident_CPAP_hit	low	no_confident_hit	no_ChtBD2_support	163	2	0	0	0	0	0	0	NA	NA	NA	NA	NA
Aga_CPLCG13	CPLCG13	Aga	Anopheles gambiae	CPLCG	0.0	None	0.0	None	0.0	0.0	no_confident_CPAP_hit	low	no_confident_hit	no_ChtBD2_support	197	0	0	0	0	0	0	0	NA	NA	NA	NA	NA
Aga_CPLCG14	CPLCG14	Aga	Anopheles gambiae	CPLCG	0.0	None	0.0	None	0.0	0.0	no_confident_CPAP_hit	low	no_confident_hit	no_ChtBD2_support	138	1	0	0	0	0	0	0	NA	NA	NA	NA	NA
Aga_CPLCG15	CPLCG15	Aga	Anopheles gambiae	CPLCG	0.0	None	0.0	None	0.0	0.0	no_confident_CPAP_hit	low	no_confident_hit	no_ChtBD2_support	124	1	0	0	0	0	0	0	NA	NA	NA	NA	NA
Aga_CPLCG16	CPLCG16	Aga	Anopheles gambiae	CPLCG	0.0	None	0.0	None	0.0	0.0	no_confident_CPAP_hit	low	no_confident_hit	no_ChtBD2_support	169	1	0	0	0	0	0	0	NA	NA	NA	NA	NA
Aga_CPLCG17	CPLCG17	Aga	Anopheles gambiae	CPLCG	0.0	None	0.0	None	0.0	0.0	no_confident_CPAP_hit	low	no_confident_hit	no_ChtBD2_support	197	0	0	0	0	0	0	0	NA	NA	NA	NA	NA
Aga_CPLCG18	CPLCG18	Aga	Anopheles gambiae	CPLCG	0.0	None	0.0	None	0.0	0.0	no_confident_CPAP_hit	low	no_confident_hit	no_ChtBD2_support	205	0	0	0	0	0	0	0	NA	NA	NA	NA	NA
Aga_CPLCG19	CPLCG19	Aga	Anopheles gambiae	CPLCG	0.0	None	0.0	None	0.0	0.0	no_confident_CPAP_hit	low	no_confident_hit	no_ChtBD2_support	168	0	0	0	0	0	0	0	NA	NA	NA	NA	NA
Aga_CPLCG2	CPLCG2	Aga	Anopheles gambiae	CPLCG	0.0	None	0.0	None	0.0	0.0	no_confident_CPAP_hit	low	no_confident_hit	no_ChtBD2_support	108	0	0	0	0	0	0	0	NA	NA	NA	NA	NA
Aga_CPLCG20	CPLCG20	Aga	Anopheles gambiae	CPLCG	0.0	None	0.0	None	0.0	0.0	no_confident_CPAP_hit	low	no_confident_hit	no_ChtBD2_support	619	3	0	0	0	0	0	0	NA	NA	NA	NA	NA
Aga_CPLCG21	CPLCG21	Aga	Anopheles gambiae	CPLCG	0.0	None	0.0	None	0.0	0.0	no_confident_CPAP_hit	low	no_confident_hit	no_ChtBD2_support	227	0	0	0	0	0	0	0	NA	NA	NA	NA	NA
Aga_CPLCG22	CPLCG22	Aga	Anopheles gambiae	CPLCG	0.0	None	0.0	None	0.0	0.0	no_confident_CPAP_hit	low	no_confident_hit	no_ChtBD2_support	248	1	0	0	0	0	0	0	NA	NA	NA	NA	NA
Aga_CPLCG23	CPLCG23	Aga	Anopheles gambiae	CPLCG	0.0	None	0.0	None	0.0	0.0	no_confident_CPAP_hit	low	no_confident_hit	no_ChtBD2_support	133	1	0	0	0	0	0	0	NA	NA	NA	NA	NA
Aga_CPLCG24	CPLCG24	Aga	Anopheles gambiae	CPLCG	0.0	None	0.0	None	0.0	0.0	no_confident_CPAP_hit	low	no_confident_hit	no_ChtBD2_support	133	1	0	0	0	0	0	0	NA	NA	NA	NA	NA
Aga_CPLCG25	CPLCG25	Aga	Anopheles gambiae	CPLCG	0.0	None	0.0	None	0.0	0.0	no_confident_CPAP_hit	low	no_confident_hit	no_ChtBD2_support	197	0	0	0	0	0	0	0	NA	NA	NA	NA	NA
Aga_CPLCG26	CPLCG26	Aga	Anopheles gambiae	CPLCG	0.0	None	0.0	None	0.0	0.0	no_confident_CPAP_hit	low	no_confident_hit	no_ChtBD2_support	198	0	0	0	0	0	0	0	NA	NA	NA	NA	NA
Aga_CPLCG27	CPLCG27	Aga	Anopheles gambiae	CPLCG	0.0	None	0.0	None	0.0	0.0	no_confident_CPAP_hit	low	no_confident_hit	no_ChtBD2_support	168	0	0	0	0	0	0	0	NA	NA	NA	NA	NA
Aga_CPLCG3	CPLCG3	Aga	Anopheles gambiae	CPLCG	0.0	None	0.0	None	0.0	0.0	no_confident_CPAP_hit	low	no_confident_hit	no_ChtBD2_support	135	1	0	0	0	0	0	0	NA	NA	NA	NA	NA
Aga_CPLCG4	CPLCG4	Aga	Anopheles gambiae	CPLCG	0.0	None	0.0	None	0.0	0.0	no_confident_CPAP_hit	low	no_confident_hit	no_ChtBD2_support	120	0	0	0	0	0	0	0	NA	NA	NA	NA	NA
Aga_CPLCG5	CPLCG5	Aga	Anopheles gambiae	CPLCG	0.0	None	0.0	None	0.0	0.0	no_confident_CPAP_hit	low	no_confident_hit	no_ChtBD2_support	139	1	0	0	0	0	0	0	NA	NA	NA	NA	NA
Aga_CPLCG6	CPLCG6	Aga	Anopheles gambiae	CPLCG	0.0	None	0.0	None	0.0	0.0	no_confident_CPAP_hit	low	no_confident_hit	no_ChtBD2_support	197	0	0	0	0	0	0	0	NA	NA	NA	NA	NA
Aga_CPLCG7	CPLCG7	Aga	Anopheles gambiae	CPLCG	0.0	None	0.0	None	0.0	0.0	no_confident_CPAP_hit	low	no_confident_hit	no_ChtBD2_support	163	2	0	0	0	0	0	0	NA	NA	NA	NA	NA
Aga_CPLCG8	CPLCG8	Aga	Anopheles gambiae	CPLCG	0.0	None	0.0	None	0.0	0.0	no_confident_CPAP_hit	low	no_confident_hit	no_ChtBD2_support	188	0	0	0	0	0	0	0	NA	NA	NA	NA	NA
Aga_CPLCG9	CPLCG9	Aga	Anopheles gambiae	CPLCG	0.0	None	0.0	None	0.0	0.0	no_confident_CPAP_hit	low	no_confident_hit	no_ChtBD2_support	168	0	0	0	0	0	0	0	NA	NA	NA	NA	NA
Aga_CPLCP1	CPLCP1	Aga	Anopheles gambiae	CPLCP	0.0	None	0.0	None	0.0	0.0	no_confident_CPAP_hit	low	no_confident_hit	no_ChtBD2_support	178	0	0	0	0	0	0	0	NA	NA	NA	NA	NA
Aga_CPLCP10	CPLCP10	Aga	Anopheles gambiae	CPLCP	0.0	None	0.0	None	0.0	0.0	no_confident_CPAP_hit	low	no_confident_hit	no_ChtBD2_support	360	1	0	0	0	0	0	0	NA	NA	NA	NA	NA
Aga_CPLCP11	CPLCP11	Aga	Anopheles gambiae	CPLCP	0.0	None	0.0	None	0.0	0.0	no_confident_CPAP_hit	low	no_confident_hit	no_ChtBD2_support	349	0	0	0	0	0	0	0	NA	NA	NA	NA	NA
Aga_CPLCP12	CPLCP12	Aga	Anopheles gambiae	CPLCP	0.0	None	0.0	None	0.0	0.0	no_confident_CPAP_hit	low	no_confident_hit	no_ChtBD2_support	386	1	0	0	0	0	0	0	NA	NA	NA	NA	NA
Aga_CPLCP13	CPLCP13	Aga	Anopheles gambiae	CPLCP	0.0	None	0.0	None	0.0	0.0	no_confident_CPAP_hit	low	no_confident_hit	no_ChtBD2_support	185	0	0	0	0	0	0	0	NA	NA	NA	NA	NA
Aga_CPLCP14	CPLCP14	Aga	Anopheles gambiae	CPLCP	0.0	None	0.0	None	0.0	0.0	no_confident_CPAP_hit	low	no_confident_hit	no_ChtBD2_support	185	0	0	0	0	0	0	0	NA	NA	NA	NA	NA
Aga_CPLCP15	CPLCP15	Aga	Anopheles gambiae	CPLCP	0.0	None	0.0	None	0.0	0.0	no_confident_CPAP_hit	low	no_confident_hit	no_ChtBD2_support	185	0	0	0	0	0	0	0	NA	NA	NA	NA	NA
Aga_CPLCP16	CPLCP16	Aga	Anopheles gambiae	CPLCP	0.0	None	0.0	None	0.0	0.0	no_confident_CPAP_hit	low	no_confident_hit	no_ChtBD2_support	185	0	0	0	0	0	0	0	NA	NA	NA	NA	NA
Aga_CPLCP17	CPLCP17	Aga	Anopheles gambiae	CPLCP	0.0	None	0.0	None	0.0	0.0	no_confident_CPAP_hit	low	no_confident_hit	no_ChtBD2_support	185	0	0	0	0	0	0	0	NA	NA	NA	NA	NA
Aga_CPLCP18	CPLCP18	Aga	Anopheles gambiae	CPLCP	0.0	None	0.0	None	0.0	0.0	no_confident_CPAP_hit	low	no_confident_hit	no_ChtBD2_support	185	0	0	0	0	0	0	0	NA	NA	NA	NA	NA
Aga_CPLCP19	CPLCP19	Aga	Anopheles gambiae	CPLCP	0.0	None	0.0	None	0.0	0.0	no_confident_CPAP_hit	low	no_confident_hit	no_ChtBD2_support	185	0	0	0	0	0	0	0	NA	NA	NA	NA	NA
Aga_CPLCP2	CPLCP2	Aga	Anopheles gambiae	CPLCP	0.0	None	0.0	None	0.0	0.0	no_confident_CPAP_hit	low	no_confident_hit	no_ChtBD2_support	688	0	0	0	0	0	0	0	NA	NA	NA	NA	NA
Aga_CPLCP20	CPLCP20	Aga	Anopheles gambiae	CPLCP	0.0	None	0.0	None	0.0	0.0	no_confident_CPAP_hit	low	no_confident_hit	no_ChtBD2_support	185	0	0	0	0	0	0	0	NA	NA	NA	NA	NA
Aga_CPLCP21	CPLCP21	Aga	Anopheles gambiae	CPLCP	0.0	None	0.0	None	0.0	0.0	no_confident_CPAP_hit	low	no_confident_hit	no_ChtBD2_support	185	0	0	0	0	0	0	0	NA	NA	NA	NA	NA
Aga_CPLCP22	CPLCP22	Aga	Anopheles gambiae	CPLCP	0.0	None	0.0	None	0.0	0.0	no_confident_CPAP_hit	low	no_confident_hit	no_ChtBD2_support	185	0	0	0	0	0	0	0	NA	NA	NA	NA	NA
Aga_CPLCP23	CPLCP23	Aga	Anopheles gambiae	CPLCP	0.0	None	0.0	None	0.0	0.0	no_confident_CPAP_hit	low	no_confident_hit	no_ChtBD2_support	185	0	0	0	0	0	0	0	NA	NA	NA	NA	NA
Aga_CPLCP24	CPLCP24	Aga	Anopheles gambiae	CPLCP	0.0	None	0.0	None	0.0	0.0	no_confident_CPAP_hit	low	no_confident_hit	no_ChtBD2_support	224	0	0	0	0	0	0	0	NA	NA	NA	NA	NA
Aga_CPLCP25	CPLCP25	Aga	Anopheles gambiae	CPLCP	0.0	None	0.0	None	0.0	0.0	no_confident_CPAP_hit	low	no_confident_hit	no_ChtBD2_support	176	1	0	0	0	0	0	0	NA	NA	NA	NA	NA
Aga_CPLCP26	CPLCP26	Aga	Anopheles gambiae	CPLCP	0.0	None	0.0	None	0.0	0.0	no_confident_CPAP_hit	low	no_confident_hit	no_ChtBD2_support	182	1	0	0	0	0	0	0	NA	NA	NA	NA	NA
Aga_CPLCP27	CPLCP27	Aga	Anopheles gambiae	CPLCP	0.0	None	0.0	None	0.0	0.0	no_confident_CPAP_hit	low	no_confident_hit	no_ChtBD2_support	176	1	0	0	0	0	0	0	NA	NA	NA	NA	NA
Aga_CPLCP28	CPLCP28	Aga	Anopheles gambiae	CPLCP	0.0	None	0.0	None	0.0	0.0	no_confident_CPAP_hit	low	no_confident_hit	no_ChtBD2_support	235	0	0	0	0	0	0	0	NA	NA	NA	NA	NA
Aga_CPLCP3	CPLCP3	Aga	Anopheles gambiae	CPLCP	0.0	None	0.0	None	0.0	0.0	no_confident_CPAP_hit	low	no_confident_hit	no_ChtBD2_support	346	3	0	0	0	0	0	0	NA	NA	NA	NA	NA
Aga_CPLCP4	CPLCP4	Aga	Anopheles gambiae	CPLCP	0.0	None	0.0	None	0.0	0.0	no_confident_CPAP_hit	low	no_confident_hit	no_ChtBD2_support	209	2	0	0	0	0	0	0	NA	NA	NA	NA	NA
Aga_CPLCP5	CPLCP5	Aga	Anopheles gambiae	CPLCP	0.0	None	0.0	None	0.0	0.0	no_confident_CPAP_hit	low	no_confident_hit	no_ChtBD2_support	271	5	0	0	0	0	0	0	NA	NA	NA	NA	NA
Aga_CPLCP6	CPLCP6	Aga	Anopheles gambiae	CPLCP	0.0	None	0.0	None	0.0	0.0	no_confident_CPAP_hit	low	no_confident_hit	no_ChtBD2_support	165	0	0	0	0	0	0	0	NA	NA	NA	NA	NA
Aga_CPLCP7	CPLCP7	Aga	Anopheles gambiae	CPLCP	0.0	None	0.0	None	0.0	0.0	no_confident_CPAP_hit	low	no_confident_hit	no_ChtBD2_support	368	0	0	0	0	0	0	0	NA	NA	NA	NA	NA
Aga_CPLCP8	CPLCP8	Aga	Anopheles gambiae	CPLCP	0.0	None	0.0	None	0.0	0.0	no_confident_CPAP_hit	low	no_confident_hit	no_ChtBD2_support	193	0	0	0	0	0	0	0	NA	NA	NA	NA	NA
Aga_CPLCP9	CPLCP9	Aga	Anopheles gambiae	CPLCP	0.0	None	0.0	None	0.0	0.0	no_confident_CPAP_hit	low	no_confident_hit	no_ChtBD2_support	491	2	0	0	0	0	0	0	NA	NA	NA	NA	NA
Aga_CPLCW1	CPLCW1	Aga	Anopheles gambiae	CPLCW	0.0	None	0.0	None	0.0	0.0	no_confident_CPAP_hit	low	no_confident_hit	no_ChtBD2_support	153	0	0	0	0	0	0	0	NA	NA	NA	NA	NA
Aga_CPLCW2	CPLCW2	Aga	Anopheles gambiae	CPLCW	0.0	None	0.0	None	0.0	0.0	no_confident_CPAP_hit	low	no_confident_hit	no_ChtBD2_support	164	0	0	0	0	0	0	0	NA	NA	NA	NA	NA
Aga_CPLCW4	CPLCW4	Aga	Anopheles gambiae	CPLCW	0.0	None	0.0	None	0.0	0.0	no_confident_CPAP_hit	low	no_confident_hit	no_ChtBD2_support	171	0	0	0	0	0	0	0	NA	NA	NA	NA	NA
Aga_CPLCW5	CPLCW5	Aga	Anopheles gambiae	CPLCW	0.0	None	0.0	None	0.0	0.0	no_confident_CPAP_hit	low	no_confident_hit	no_ChtBD2_support	106	1	0	0	0	0	0	0	NA	NA	NA	NA	NA
Aga_CPLCW7	CPLCW7	Aga	Anopheles gambiae	CPLCW	0.0	None	0.0	None	0.0	0.0	no_confident_CPAP_hit	low	no_confident_hit	no_ChtBD2_support	161	0	0	0	0	0	0	0	NA	NA	NA	NA	NA
Aga_CPLCW8	CPLCW8	Aga	Anopheles gambiae	CPLCW	0.0	None	0.0	None	0.0	0.0	no_confident_CPAP_hit	low	no_confident_hit	no_ChtBD2_support	175	0	0	0	0	0	0	0	NA	NA	NA	NA	NA
Aga_CPLCW9	CPLCW9	Aga	Anopheles gambiae	CPLCW	0.0	None	0.0	None	0.0	0.0	no_confident_CPAP_hit	low	no_confident_hit	no_ChtBD2_support	169	0	0	0	0	0	0	0	NA	NA	NA	NA	NA
Aga_CPLCX1	CPLCX1	Aga	Anopheles gambiae	NULL	0.0	None	0.0	None	0.0	0.0	no_confident_CPAP_hit	low	no_confident_hit	no_ChtBD2_support	132	1	0	0	0	0	0	0	NA	NA	NA	NA	NA
Aga_CPLCX2	CPLCX2	Aga	Anopheles gambiae	NULL	0.0	None	0.0	None	0.0	0.0	no_confident_CPAP_hit	low	no_confident_hit	no_ChtBD2_support	124	1	0	0	0	0	0	0	NA	NA	NA	NA	NA
Aga_CPLCX3	CPLCX3	Aga	Anopheles gambiae	NULL	0.0	None	0.0	None	0.0	0.0	no_confident_CPAP_hit	low	no_confident_hit	no_ChtBD2_support	138	0	0	0	0	0	0	0	NA	NA	NA	NA	NA
Aga_CPR1	CPR1	Aga	Anopheles gambiae	CPR RR-2	0.0	None	0.0	None	0.0	0.0	no_confident_CPAP_hit	low	no_confident_hit	no_ChtBD2_support	204	0	0	0	0	0	0	0	NA	NA	NA	NA	NA
Aga_CPR10	CPR10	Aga	Anopheles gambiae	CPR RR-2	0.0	None	0.0	None	0.0	0.0	no_confident_CPAP_hit	low	no_confident_hit	no_ChtBD2_support	200	0	0	0	0	0	0	0	NA	NA	NA	NA	NA
Aga_CPR100	CPR100	Aga	Anopheles gambiae	CPR RR-2	0.0	None	0.0	None	0.0	0.0	no_confident_CPAP_hit	low	no_confident_hit	no_ChtBD2_support	231	0	0	0	0	0	0	0	NA	NA	NA	NA	NA
Aga_CPR101	CPR101	Aga	Anopheles gambiae	CPR RR-1	0.0	None	0.0	None	0.0	0.0	no_confident_CPAP_hit	low	no_confident_hit	no_ChtBD2_support	152	1	0	0	0	0	0	0	NA	NA	NA	NA	NA
Aga_CPR102	CPR102	Aga	Anopheles gambiae	CPR RR-1	0.0	None	0.0	None	0.0	0.0	no_confident_CPAP_hit	low	no_confident_hit	no_ChtBD2_support	124	2	0	0	0	0	0	0	NA	NA	NA	NA	NA
Aga_CPR103	CPR103	Aga	Anopheles gambiae	CPR RR-1	0.0	None	0.0	None	0.0	0.0	no_confident_CPAP_hit	low	no_confident_hit	no_ChtBD2_support	134	2	0	0	0	0	0	0	NA	NA	NA	NA	NA
Aga_CPR104	CPR104	Aga	Anopheles gambiae	CPR RR-1	0.0	None	0.0	None	0.0	0.0	no_confident_CPAP_hit	low	no_confident_hit	no_ChtBD2_support	131	1	0	0	0	0	0	0	NA	NA	NA	NA	NA
Aga_CPR105	CPR105	Aga	Anopheles gambiae	CPR RR-1	0.0	None	0.0	None	0.0	0.0	no_confident_CPAP_hit	low	no_confident_hit	no_ChtBD2_support	105	2	0	0	0	0	0	0	NA	NA	NA	NA	NA
Aga_CPR106	CPR106	Aga	Anopheles gambiae	CPR RR-1	0.0	None	0.0	None	0.0	0.0	no_confident_CPAP_hit	low	no_confident_hit	no_ChtBD2_support	150	1	0	0	0	0	0	0	NA	NA	NA	NA	NA
Aga_CPR107	CPR107	Aga	Anopheles gambiae	CPR RR-2	0.0	None	0.0	None	0.0	0.0	no_confident_CPAP_hit	low	no_confident_hit	no_ChtBD2_support	180	0	0	0	0	0	0	0	NA	NA	NA	NA	NA
Aga_CPR108	CPR108	Aga	Anopheles gambiae	CPR RR-2	0.0	None	0.0	None	0.0	0.0	no_confident_CPAP_hit	low	no_confident_hit	no_ChtBD2_support	135	1	0	0	0	0	0	0	NA	NA	NA	NA	NA
Aga_CPR109	CPR109	Aga	Anopheles gambiae	CPR RR-2	0.0	None	0.0	None	0.0	0.0	no_confident_CPAP_hit	low	no_confident_hit	no_ChtBD2_support	231	0	0	0	0	0	0	0	NA	NA	NA	NA	NA
Aga_CPR11	CPR11	Aga	Anopheles gambiae	CPR RR-1	0.0	None	0.0	None	0.0	0.0	no_confident_CPAP_hit	low	no_confident_hit	no_ChtBD2_support	147	0	0	0	0	0	0	0	NA	NA	NA	NA	NA
Aga_CPR110	CPR110	Aga	Anopheles gambiae	CPR RR-2	0.0	None	0.0	None	0.0	0.0	no_confident_CPAP_hit	low	no_confident_hit	no_ChtBD2_support	188	0	0	0	0	0	0	0	NA	NA	NA	NA	NA
Aga_CPR111	CPR111	Aga	Anopheles gambiae	CPR RR-2	0.0	None	0.0	None	0.0	0.0	no_confident_CPAP_hit	low	no_confident_hit	no_ChtBD2_support	325	0	0	0	0	0	0	0	NA	NA	NA	NA	NA
Aga_CPR112	CPR112	Aga	Anopheles gambiae	CPR RR-2	0.0	None	0.0	None	0.0	0.0	no_confident_CPAP_hit	low	no_confident_hit	no_ChtBD2_support	164	0	0	0	0	0	0	0	NA	NA	NA	NA	NA
Aga_CPR113	CPR113	Aga	Anopheles gambiae	CPR RR-2	0.0	None	0.0	None	0.0	0.0	no_confident_CPAP_hit	low	no_confident_hit	no_ChtBD2_support	322	1	0	0	0	0	0	0	NA	NA	NA	NA	NA
Aga_CPR114	CPR114	Aga	Anopheles gambiae	CPR RR-2	0.0	None	0.0	None	0.0	0.0	no_confident_CPAP_hit	low	no_confident_hit	no_ChtBD2_support	164	0	0	0	0	0	0	0	NA	NA	NA	NA	NA
Aga_CPR115	CPR115	Aga	Anopheles gambiae	CPR RR-2	0.0	None	0.0	None	0.0	0.0	no_confident_CPAP_hit	low	no_confident_hit	no_ChtBD2_support	186	0	0	0	0	0	0	0	NA	NA	NA	NA	NA
Aga_CPR116	CPR116	Aga	Anopheles gambiae	CPR RR-2	0.0	None	0.0	None	0.0	0.0	no_confident_CPAP_hit	low	no_confident_hit	no_ChtBD2_support	128	0	0	0	0	0	0	0	NA	NA	NA	NA	NA
Aga_CPR117	CPR117	Aga	Anopheles gambiae	CPR RR-2	0.0	None	0.0	None	0.0	0.0	no_confident_CPAP_hit	low	no_confident_hit	no_ChtBD2_support	162	0	0	0	0	0	0	0	NA	NA	NA	NA	NA
Aga_CPR118	CPR118	Aga	Anopheles gambiae	CPR RR-2	0.0	None	0.0	None	0.0	0.0	no_confident_CPAP_hit	low	no_confident_hit	no_ChtBD2_support	193	0	0	0	0	0	0	0	NA	NA	NA	NA	NA
Aga_CPR119	CPR119	Aga	Anopheles gambiae	CPR RR-2	0.0	None	0.0	None	0.0	0.0	no_confident_CPAP_hit	low	no_confident_hit	no_ChtBD2_support	193	0	0	0	0	0	0	0	NA	NA	NA	NA	NA
Aga_CPR12	CPR12	Aga	Anopheles gambiae	CPR RR-1	0.0	None	0.0	None	0.0	0.0	no_confident_CPAP_hit	low	no_confident_hit	no_ChtBD2_support	146	0	0	0	0	0	0	0	NA	NA	NA	NA	NA
Aga_CPR120	CPR120	Aga	Anopheles gambiae	CPR RR-2	0.0	None	0.0	None	0.0	0.0	no_confident_CPAP_hit	low	no_confident_hit	no_ChtBD2_support	186	0	0	0	0	0	0	0	NA	NA	NA	NA	NA
Aga_CPR121	CPR121	Aga	Anopheles gambiae	CPR RR-2	0.0	None	0.0	None	0.0	0.0	no_confident_CPAP_hit	low	no_confident_hit	no_ChtBD2_support	193	0	0	0	0	0	0	0	NA	NA	NA	NA	NA
Aga_CPR122	CPR122	Aga	Anopheles gambiae	CPR RR-2	0.0	None	0.0	None	0.0	0.0	no_confident_CPAP_hit	low	no_confident_hit	no_ChtBD2_support	138	0	0	0	0	0	0	0	NA	NA	NA	NA	NA
Aga_CPR123	CPR123	Aga	Anopheles gambiae	CPR RR-2	0.0	None	0.0	None	0.0	0.0	no_confident_CPAP_hit	low	no_confident_hit	no_ChtBD2_support	155	0	0	0	0	0	0	0	NA	NA	NA	NA	NA
Aga_CPR124	CPR124	Aga	Anopheles gambiae	CPR RR-2	0.0	None	0.0	None	0.0	0.0	no_confident_CPAP_hit	low	no_confident_hit	no_ChtBD2_support	244	1	0	0	0	0	0	0	NA	NA	NA	NA	NA
Aga_CPR125	CPR125	Aga	Anopheles gambiae	CPR RR-1	0.0	None	0.0	None	0.0	0.0	no_confident_CPAP_hit	low	no_confident_hit	no_ChtBD2_support	227	0	0	0	0	0	0	0	NA	NA	NA	NA	NA
Aga_CPR126	CPR126	Aga	Anopheles gambiae	CPR RR-1	6.2	0.73	0.0	None	6.2	6.2	no_confident_CPAP_hit	low	no_confident_hit	no_ChtBD2_support	357	1	0	0	0	0	0	0	NA	NA	NA	NA	NA
Aga_CPR127	CPR127	Aga	Anopheles gambiae	CPR RR-1	0.0	None	0.0	None	0.0	0.0	no_confident_CPAP_hit	low	no_confident_hit	no_ChtBD2_support	224	0	0	0	0	0	0	0	NA	NA	NA	NA	NA
Aga_CPR128	CPR128	Aga	Anopheles gambiae	CPR RR-1	0.0	None	0.0	None	0.0	0.0	no_confident_CPAP_hit	low	no_confident_hit	no_ChtBD2_support	100	2	0	0	0	0	0	0	NA	NA	NA	NA	NA
Aga_CPR129	CPR129	Aga	Anopheles gambiae	CPR RR-1	0.0	None	0.0	None	0.0	0.0	no_confident_CPAP_hit	low	no_confident_hit	no_ChtBD2_support	243	1	0	0	0	0	0	0	NA	NA	NA	NA	NA
Aga_CPR13	CPR13	Aga	Anopheles gambiae	CPR RR-1	0.0	None	0.0	None	0.0	0.0	no_confident_CPAP_hit	low	no_confident_hit	no_ChtBD2_support	146	0	0	0	0	0	0	0	NA	NA	NA	NA	NA
Aga_CPR130	CPR130	Aga	Anopheles gambiae	CPR RR-3	0.0	None	0.0	None	0.0	0.0	no_confident_CPAP_hit	low	no_confident_hit	no_ChtBD2_support	354	0	0	0	0	0	0	0	NA	NA	NA	NA	NA
Aga_CPR131	CPR131	Aga	Anopheles gambiae	CPR RR-2	0.0	None	0.0	None	0.0	0.0	no_confident_CPAP_hit	low	no_confident_hit	no_ChtBD2_support	187	0	0	0	0	0	0	0	NA	NA	NA	NA	NA
Aga_CPR132	CPR132	Aga	Anopheles gambiae	CPR RR-2	0.0	None	0.0	None	0.0	0.0	no_confident_CPAP_hit	low	no_confident_hit	no_ChtBD2_support	357	0	0	0	0	0	0	0	NA	NA	NA	NA	NA
Aga_CPR133	CPR133	Aga	Anopheles gambiae	CPR RR-1	0.0	None	0.0	None	0.0	0.0	no_confident_CPAP_hit	low	no_confident_hit	no_ChtBD2_support	331	2	0	0	0	0	0	0	NA	NA	NA	NA	NA
Aga_CPR134	CPR134	Aga	Anopheles gambiae	CPR RR-1	0.0	None	0.0	None	0.0	0.0	no_confident_CPAP_hit	low	no_confident_hit	no_ChtBD2_support	365	0	0	0	0	0	0	0	NA	NA	NA	NA	NA
Aga_CPR135	CPR135	Aga	Anopheles gambiae	CPR RR-2	0.0	None	0.0	None	0.0	0.0	no_confident_CPAP_hit	low	no_confident_hit	no_ChtBD2_support	256	1	0	0	0	0	0	0	NA	NA	NA	NA	NA
Aga_CPR136	CPR136	Aga	Anopheles gambiae	CPR RR-1	0.0	None	0.0	None	0.0	0.0	no_confident_CPAP_hit	low	no_confident_hit	no_ChtBD2_support	143	1	0	0	0	0	0	0	NA	NA	NA	NA	NA
Aga_CPR137	CPR137	Aga	Anopheles gambiae	CPR RR-1	0.0	None	0.0	None	0.0	0.0	no_confident_CPAP_hit	low	no_confident_hit	no_ChtBD2_support	125	1	0	0	0	0	0	0	NA	NA	NA	NA	NA
Aga_CPR138	CPR138	Aga	Anopheles gambiae	CPR RR-1	0.0	None	0.0	None	0.0	0.0	no_confident_CPAP_hit	low	no_confident_hit	no_ChtBD2_support	403	2	0	0	0	0	0	0	NA	NA	NA	NA	NA
Aga_CPR139	CPR139	Aga	Anopheles gambiae	CPR RR-2	0.0	None	0.0	None	0.0	0.0	no_confident_CPAP_hit	low	no_confident_hit	no_ChtBD2_support	466	3	0	0	0	0	0	0	NA	NA	NA	NA	NA
Aga_CPR14	CPR14	Aga	Anopheles gambiae	CPR RR-1	0.0	None	0.0	None	0.0	0.0	no_confident_CPAP_hit	low	no_confident_hit	no_ChtBD2_support	124	0	0	0	0	0	0	0	NA	NA	NA	NA	NA
Aga_CPR140	CPR140	Aga	Anopheles gambiae	CPR RR-2	0.0	None	0.0	None	0.0	0.0	no_confident_CPAP_hit	low	no_confident_hit	no_ChtBD2_support	856	2	0	0	0	0	0	0	NA	NA	NA	NA	NA
Aga_CPR141	CPR141	Aga	Anopheles gambiae	CPR RR-1	0.0	None	0.0	None	0.0	0.0	no_confident_CPAP_hit	low	no_confident_hit	no_ChtBD2_support	392	1	0	0	0	0	0	0	NA	NA	NA	NA	NA
Aga_CPR142	CPR142	Aga	Anopheles gambiae	CPR RR-2	0.0	None	0.0	None	0.0	0.0	no_confident_CPAP_hit	low	no_confident_hit	no_ChtBD2_support	235	0	0	0	0	0	0	0	NA	NA	NA	NA	NA
Aga_CPR143	CPR143	Aga	Anopheles gambiae	CPR RR-2	0.0	None	0.0	None	0.0	0.0	no_confident_CPAP_hit	low	no_confident_hit	no_ChtBD2_support	492	1	0	0	0	0	0	0	NA	NA	NA	NA	NA
Aga_CPR144_iso1	CPR144_iso1	Aga	Anopheles gambiae	CPR	0.0	None	0.0	None	0.0	0.0	no_confident_CPAP_hit	low	no_confident_hit	no_ChtBD2_support	588	0	0	0	0	0	0	0	NA	NA	NA	NA	NA
Aga_CPR144_iso2	CPR144_iso2	Aga	Anopheles gambiae	CPR	0.0	None	0.0	None	0.0	0.0	no_confident_CPAP_hit	low	no_confident_hit	no_ChtBD2_support	590	0	0	0	0	0	0	0	NA	NA	NA	NA	NA
Aga_CPR145	CPR145	Aga	Anopheles gambiae	CPR RR-1	0.0	None	0.0	None	0.0	0.0	no_confident_CPAP_hit	low	no_confident_hit	no_ChtBD2_support	120	0	0	0	0	0	0	0	NA	NA	NA	NA	NA
Aga_CPR146	CPR146	Aga	Anopheles gambiae	CPR RR-2	0.0	None	0.0	None	0.0	0.0	no_confident_CPAP_hit	low	no_confident_hit	no_ChtBD2_support	153	2	0	0	0	0	0	0	NA	NA	NA	NA	NA
Aga_CPR147	CPR147	Aga	Anopheles gambiae	CPR RR-2	0.0	None	0.0	None	0.0	0.0	no_confident_CPAP_hit	low	no_confident_hit	no_ChtBD2_support	181	0	0	0	0	0	0	0	NA	NA	NA	NA	NA
Aga_CPR148	CPR148	Aga	Anopheles gambiae	CPR RR-2	0.0	None	0.0	None	0.0	0.0	no_confident_CPAP_hit	low	no_confident_hit	no_ChtBD2_support	132	0	0	0	0	0	0	0	NA	NA	NA	NA	NA
Aga_CPR149	CPR149	Aga	Anopheles gambiae	CPR RR-2	0.0	None	0.0	None	0.0	0.0	no_confident_CPAP_hit	low	no_confident_hit	no_ChtBD2_support	124	0	0	0	0	0	0	0	NA	NA	NA	NA	NA
Aga_CPR15	CPR15	Aga	Anopheles gambiae	CPR RR-1	0.0	None	0.0	None	0.0	0.0	no_confident_CPAP_hit	low	no_confident_hit	no_ChtBD2_support	137	0	0	0	0	0	0	0	NA	NA	NA	NA	NA
Aga_CPR150	CPR150	Aga	Anopheles gambiae	CPR RR-2	0.0	None	0.0	None	0.0	0.0	no_confident_CPAP_hit	low	no_confident_hit	no_ChtBD2_support	135	0	0	0	0	0	0	0	NA	NA	NA	NA	NA
Aga_CPR151	CPR151	Aga	Anopheles gambiae	CPR	0.0	None	0.0	None	0.0	0.0	no_confident_CPAP_hit	low	no_confident_hit	no_ChtBD2_support	153	0	0	0	0	0	0	0	NA	NA	NA	NA	NA
Aga_CPR152	CPR152	Aga	Anopheles gambiae	CPR RR-2	0.0	None	0.0	None	0.0	0.0	no_confident_CPAP_hit	low	no_confident_hit	no_ChtBD2_support	317	0	0	0	0	0	0	0	NA	NA	NA	NA	NA
Aga_CPR153	CPR153	Aga	Anopheles gambiae	CPR RR-2	0.0	None	0.0	None	0.0	0.0	no_confident_CPAP_hit	low	no_confident_hit	no_ChtBD2_support	334	2	0	0	0	0	0	0	NA	NA	NA	NA	NA
Aga_CPR155	CPR155	Aga	Anopheles gambiae	CPR RR-2	0.0	None	0.0	None	0.0	0.0	no_confident_CPAP_hit	low	no_confident_hit	no_ChtBD2_support	151	2	0	0	0	0	0	0	NA	NA	NA	NA	NA
Aga_CPR156	CPR156	Aga	Anopheles gambiae	CPR RR-2	0.0	None	0.0	None	0.0	0.0	no_confident_CPAP_hit	low	no_confident_hit	no_ChtBD2_support	125	1	0	0	0	0	0	0	NA	NA	NA	NA	NA
Aga_CPR157	CPR157	Aga	Anopheles gambiae	CPR	0.0	None	0.0	None	0.0	0.0	no_confident_CPAP_hit	low	no_confident_hit	no_ChtBD2_support	460	0	0	0	0	0	0	0	NA	NA	NA	NA	NA
Aga_CPR158	CPR158	Aga	Anopheles gambiae	CPR	0.0	None	0.0	None	0.0	0.0	no_confident_CPAP_hit	low	no_confident_hit	no_ChtBD2_support	195	0	0	0	0	0	0	0	NA	NA	NA	NA	NA
Aga_CPR159	CPR159	Aga	Anopheles gambiae	CPR	0.0	None	0.0	None	0.0	0.0	no_confident_CPAP_hit	low	no_confident_hit	no_ChtBD2_support	206	1	0	0	0	0	0	0	NA	NA	NA	NA	NA
Aga_CPR16	CPR16	Aga	Anopheles gambiae	CPR RR-1	0.0	None	0.0	None	0.0	0.0	no_confident_CPAP_hit	low	no_confident_hit	no_ChtBD2_support	136	0	0	0	0	0	0	0	NA	NA	NA	NA	NA
Aga_CPR160	CPR160	Aga	Anopheles gambiae	CPR	0.0	None	0.0	None	0.0	0.0	no_confident_CPAP_hit	low	no_confident_hit	no_ChtBD2_support	875	1	0	0	0	0	0	0	NA	NA	NA	NA	NA
Aga_CPR161_iso1	CPR161_iso1	Aga	Anopheles gambiae	CPR	0.0	None	0.0	None	0.0	0.0	no_confident_CPAP_hit	low	no_confident_hit	no_ChtBD2_support	237	1	0	0	0	0	0	0	NA	NA	NA	NA	NA
Aga_CPR161_iso2	CPR161_iso2	Aga	Anopheles gambiae	CPR	0.0	None	0.0	None	0.0	0.0	no_confident_CPAP_hit	low	no_confident_hit	no_ChtBD2_support	302	1	0	0	0	0	0	0	NA	NA	NA	NA	NA
Aga_CPR162	CPR162	Aga	Anopheles gambiae	CPR	0.0	None	0.0	None	0.0	0.0	no_confident_CPAP_hit	low	no_confident_hit	no_ChtBD2_support	600	2	0	0	0	0	0	0	NA	NA	NA	NA	NA
Aga_CPR163	CPR163	Aga	Anopheles gambiae	CPR	0.0	None	0.0	None	0.0	0.0	no_confident_CPAP_hit	low	no_confident_hit	no_ChtBD2_support	383	2	0	0	0	0	0	0	NA	NA	NA	NA	NA
Aga_CPR164	CPR164	Aga	Anopheles gambiae	CPR	0.0	None	0.0	None	0.0	0.0	no_confident_CPAP_hit	low	no_confident_hit	no_ChtBD2_support	698	0	0	0	0	0	0	0	NA	NA	NA	NA	NA
Aga_CPR17	CPR17	Aga	Anopheles gambiae	CPR RR-1	0.0	None	0.0	None	0.0	0.0	no_confident_CPAP_hit	low	no_confident_hit	no_ChtBD2_support	177	1	0	0	0	0	0	0	NA	NA	NA	NA	NA
Aga_CPR18	CPR18	Aga	Anopheles gambiae	CPR RR-1	0.0	None	0.0	None	0.0	0.0	no_confident_CPAP_hit	low	no_confident_hit	no_ChtBD2_support	173	0	0	0	0	0	0	0	NA	NA	NA	NA	NA
Aga_CPR19	CPR19	Aga	Anopheles gambiae	CPR RR-1	0.0	None	0.0	None	0.0	0.0	no_confident_CPAP_hit	low	no_confident_hit	no_ChtBD2_support	168	1	0	0	0	0	0	0	NA	NA	NA	NA	NA
Aga_CPR2	CPR2	Aga	Anopheles gambiae	CPR RR-2	0.0	None	0.0	None	0.0	0.0	no_confident_CPAP_hit	low	no_confident_hit	no_ChtBD2_support	246	0	0	0	0	0	0	0	NA	NA	NA	NA	NA
Aga_CPR20	CPR20	Aga	Anopheles gambiae	CPR RR-1	0.0	None	0.0	None	0.0	0.0	no_confident_CPAP_hit	low	no_confident_hit	no_ChtBD2_support	141	0	0	0	0	0	0	0	NA	NA	NA	NA	NA
Aga_CPR21	CPR21	Aga	Anopheles gambiae	CPR RR-1	0.0	None	0.0	None	0.0	0.0	no_confident_CPAP_hit	low	no_confident_hit	no_ChtBD2_support	105	0	0	0	0	0	0	0	NA	NA	NA	NA	NA
Aga_CPR22	CPR22	Aga	Anopheles gambiae	CPR RR-1	0.0	None	0.0	None	0.0	0.0	no_confident_CPAP_hit	low	no_confident_hit	no_ChtBD2_support	106	0	0	0	0	0	0	0	NA	NA	NA	NA	NA
Aga_CPR23	CPR23	Aga	Anopheles gambiae	CPR RR-1	0.0	None	0.0	None	0.0	0.0	no_confident_CPAP_hit	low	no_confident_hit	no_ChtBD2_support	104	0	0	0	0	0	0	0	NA	NA	NA	NA	NA
Aga_CPR24	CPR24	Aga	Anopheles gambiae	CPR RR-1	0.0	None	0.0	None	0.0	0.0	no_confident_CPAP_hit	low	no_confident_hit	no_ChtBD2_support	109	0	0	0	0	0	0	0	NA	NA	NA	NA	NA
Aga_CPR25	CPR25	Aga	Anopheles gambiae	CPR RR-1	0.0	None	0.0	None	0.0	0.0	no_confident_CPAP_hit	low	no_confident_hit	no_ChtBD2_support	104	3	0	0	0	0	0	0	NA	NA	NA	NA	NA
Aga_CPR26	CPR26	Aga	Anopheles gambiae	CPR RR-1	0.0	None	0.0	None	0.0	0.0	no_confident_CPAP_hit	low	no_confident_hit	no_ChtBD2_support	106	0	0	0	0	0	0	0	NA	NA	NA	NA	NA
Aga_CPR27	CPR27	Aga	Anopheles gambiae	CPR RR-1	0.0	None	0.0	None	0.0	0.0	no_confident_CPAP_hit	low	no_confident_hit	no_ChtBD2_support	123	1	0	0	0	0	0	0	NA	NA	NA	NA	NA
Aga_CPR28	CPR28	Aga	Anopheles gambiae	CPR RR-1	0.0	None	0.0	None	0.0	0.0	no_confident_CPAP_hit	low	no_confident_hit	no_ChtBD2_support	120	0	0	0	0	0	0	0	NA	NA	NA	NA	NA
Aga_CPR29	CPR29	Aga	Anopheles gambiae	CPR RR-1	0.0	None	0.0	None	0.0	0.0	no_confident_CPAP_hit	low	no_confident_hit	no_ChtBD2_support	117	0	0	0	0	0	0	0	NA	NA	NA	NA	NA
Aga_CPR3	CPR3	Aga	Anopheles gambiae	CPR RR-2	0.0	None	0.0	None	0.0	0.0	no_confident_CPAP_hit	low	no_confident_hit	no_ChtBD2_support	245	0	0	0	0	0	0	0	NA	NA	NA	NA	NA
Aga_CPR30	CPR30	Aga	Anopheles gambiae	CPR RR-1	0.0	None	0.0	None	0.0	0.0	no_confident_CPAP_hit	low	no_confident_hit	no_ChtBD2_support	101	1	0	0	0	0	0	0	NA	NA	NA	NA	NA
Aga_CPR31	CPR31	Aga	Anopheles gambiae	CPR RR-1	0.0	None	0.0	None	0.0	0.0	no_confident_CPAP_hit	low	no_confident_hit	no_ChtBD2_support	100	2	0	0	0	0	0	0	NA	NA	NA	NA	NA
Aga_CPR32	CPR32	Aga	Anopheles gambiae	CPR RR-1	0.0	None	0.0	None	0.0	0.0	no_confident_CPAP_hit	low	no_confident_hit	no_ChtBD2_support	156	0	0	0	0	0	0	0	NA	NA	NA	NA	NA
Aga_CPR33	CPR33	Aga	Anopheles gambiae	CPR RR-1	0.0	None	0.0	None	0.0	0.0	no_confident_CPAP_hit	low	no_confident_hit	no_ChtBD2_support	147	0	0	0	0	0	0	0	NA	NA	NA	NA	NA
Aga_CPR34	CPR34	Aga	Anopheles gambiae	CPR RR-1	0.0	None	0.0	None	0.0	0.0	no_confident_CPAP_hit	low	no_confident_hit	no_ChtBD2_support	137	1	0	0	0	0	0	0	NA	NA	NA	NA	NA
Aga_CPR35	CPR35	Aga	Anopheles gambiae	CPR RR-1	0.0	None	0.0	None	0.0	0.0	no_confident_CPAP_hit	low	no_confident_hit	no_ChtBD2_support	122	0	0	0	0	0	0	0	NA	NA	NA	NA	NA
Aga_CPR36	CPR36	Aga	Anopheles gambiae	CPR RR-1	0.0	None	0.0	None	0.0	0.0	no_confident_CPAP_hit	low	no_confident_hit	no_ChtBD2_support	129	0	0	0	0	0	0	0	NA	NA	NA	NA	NA
Aga_CPR37	CPR37	Aga	Anopheles gambiae	CPR RR-1	0.0	None	0.0	None	0.0	0.0	no_confident_CPAP_hit	low	no_confident_hit	no_ChtBD2_support	129	1	0	0	0	0	0	0	NA	NA	NA	NA	NA
Aga_CPR38	CPR38	Aga	Anopheles gambiae	CPR RR-1	0.0	None	0.0	None	0.0	0.0	no_confident_CPAP_hit	low	no_confident_hit	no_ChtBD2_support	125	1	0	0	0	0	0	0	NA	NA	NA	NA	NA
Aga_CPR39	CPR39	Aga	Anopheles gambiae	CPR RR-1	0.0	None	0.0	None	0.0	0.0	no_confident_CPAP_hit	low	no_confident_hit	no_ChtBD2_support	128	0	0	0	0	0	0	0	NA	NA	NA	NA	NA
Aga_CPR4	CPR4	Aga	Anopheles gambiae	CPR RR-2	0.0	None	0.0	None	0.0	0.0	no_confident_CPAP_hit	low	no_confident_hit	no_ChtBD2_support	246	0	0	0	0	0	0	0	NA	NA	NA	NA	NA
Aga_CPR40	CPR40	Aga	Anopheles gambiae	CPR RR-1	0.0	None	0.0	None	0.0	0.0	no_confident_CPAP_hit	low	no_confident_hit	no_ChtBD2_support	129	0	0	0	0	0	0	0	NA	NA	NA	NA	NA
Aga_CPR41	CPR41	Aga	Anopheles gambiae	CPR RR-1	0.0	None	0.0	None	0.0	0.0	no_confident_CPAP_hit	low	no_confident_hit	no_ChtBD2_support	129	0	0	0	0	0	0	0	NA	NA	NA	NA	NA
Aga_CPR42	CPR42	Aga	Anopheles gambiae	CPR RR-1	0.0	None	0.0	None	0.0	0.0	no_confident_CPAP_hit	low	no_confident_hit	no_ChtBD2_support	123	0	0	0	0	0	0	0	NA	NA	NA	NA	NA
Aga_CPR43	CPR43	Aga	Anopheles gambiae	CPR RR-1	0.0	None	0.0	None	0.0	0.0	no_confident_CPAP_hit	low	no_confident_hit	no_ChtBD2_support	129	0	0	0	0	0	0	0	NA	NA	NA	NA	NA
Aga_CPR44	CPR44	Aga	Anopheles gambiae	CPR RR-1	0.0	None	0.0	None	0.0	0.0	no_confident_CPAP_hit	low	no_confident_hit	no_ChtBD2_support	129	0	0	0	0	0	0	0	NA	NA	NA	NA	NA
Aga_CPR45	CPR45	Aga	Anopheles gambiae	CPR RR-1	0.0	None	0.0	None	0.0	0.0	no_confident_CPAP_hit	low	no_confident_hit	no_ChtBD2_support	129	0	0	0	0	0	0	0	NA	NA	NA	NA	NA
Aga_CPR46	CPR46	Aga	Anopheles gambiae	CPR RR-1	0.0	None	0.0	None	0.0	0.0	no_confident_CPAP_hit	low	no_confident_hit	no_ChtBD2_support	129	0	0	0	0	0	0	0	NA	NA	NA	NA	NA
Aga_CPR47	CPR47	Aga	Anopheles gambiae	CPR RR-1	0.0	None	0.0	None	0.0	0.0	no_confident_CPAP_hit	low	no_confident_hit	no_ChtBD2_support	118	1	0	0	0	0	0	0	NA	NA	NA	NA	NA
Aga_CPR48	CPR48	Aga	Anopheles gambiae	CPR RR-1	0.0	None	0.0	None	0.0	0.0	no_confident_CPAP_hit	low	no_confident_hit	no_ChtBD2_support	129	1	0	0	0	0	0	0	NA	NA	NA	NA	NA
Aga_CPR49	CPR49	Aga	Anopheles gambiae	CPR RR-1	0.0	None	0.0	None	0.0	0.0	no_confident_CPAP_hit	low	no_confident_hit	no_ChtBD2_support	143	1	0	0	0	0	0	0	NA	NA	NA	NA	NA
Aga_CPR5	CPR5	Aga	Anopheles gambiae	CPR RR-2	0.0	None	0.0	None	0.0	0.0	no_confident_CPAP_hit	low	no_confident_hit	no_ChtBD2_support	246	0	0	0	0	0	0	0	NA	NA	NA	NA	NA
Aga_CPR50	CPR50	Aga	Anopheles gambiae	CPR RR-1	0.0	None	0.0	None	0.0	0.0	no_confident_CPAP_hit	low	no_confident_hit	no_ChtBD2_support	139	1	0	0	0	0	0	0	NA	NA	NA	NA	NA
Aga_CPR51	CPR51	Aga	Anopheles gambiae	CPR RR-1	0.0	None	0.0	None	0.0	0.0	no_confident_CPAP_hit	low	no_confident_hit	no_ChtBD2_support	143	1	0	0	0	0	0	0	NA	NA	NA	NA	NA
Aga_CPR52	CPR52	Aga	Anopheles gambiae	CPR RR-1	0.0	None	0.0	None	0.0	0.0	no_confident_CPAP_hit	low	no_confident_hit	no_ChtBD2_support	129	1	0	0	0	0	0	0	NA	NA	NA	NA	NA
Aga_CPR53	CPR53	Aga	Anopheles gambiae	CPR RR-1	0.0	None	0.0	None	0.0	0.0	no_confident_CPAP_hit	low	no_confident_hit	no_ChtBD2_support	143	1	0	0	0	0	0	0	NA	NA	NA	NA	NA
Aga_CPR54	CPR54	Aga	Anopheles gambiae	CPR RR-1	0.0	None	0.0	None	0.0	0.0	no_confident_CPAP_hit	low	no_confident_hit	no_ChtBD2_support	143	1	0	0	0	0	0	0	NA	NA	NA	NA	NA
Aga_CPR55	CPR55	Aga	Anopheles gambiae	CPR RR-1	0.0	None	0.0	None	0.0	0.0	no_confident_CPAP_hit	low	no_confident_hit	no_ChtBD2_support	152	1	0	0	0	0	0	0	NA	NA	NA	NA	NA
Aga_CPR56	CPR56	Aga	Anopheles gambiae	CPR RR-1	0.0	None	0.0	None	0.0	0.0	no_confident_CPAP_hit	low	no_confident_hit	no_ChtBD2_support	168	1	0	0	0	0	0	0	NA	NA	NA	NA	NA
Aga_CPR57	CPR57	Aga	Anopheles gambiae	CPR RR-1	0.0	None	0.0	None	0.0	0.0	no_confident_CPAP_hit	low	no_confident_hit	no_ChtBD2_support	141	0	0	0	0	0	0	0	NA	NA	NA	NA	NA
Aga_CPR58	CPR58	Aga	Anopheles gambiae	CPR RR-2	0.0	None	0.0	None	0.0	0.0	no_confident_CPAP_hit	low	no_confident_hit	no_ChtBD2_support	169	1	0	0	0	0	0	0	NA	NA	NA	NA	NA
Aga_CPR59	CPR59	Aga	Anopheles gambiae	CPR RR-2	0.0	None	0.0	None	0.0	0.0	no_confident_CPAP_hit	low	no_confident_hit	no_ChtBD2_support	212	1	0	0	0	0	0	0	NA	NA	NA	NA	NA
Aga_CPR6	CPR6	Aga	Anopheles gambiae	CPR RR-2	0.0	None	0.0	None	0.0	0.0	no_confident_CPAP_hit	low	no_confident_hit	no_ChtBD2_support	213	0	0	0	0	0	0	0	NA	NA	NA	NA	NA
Aga_CPR60	CPR60	Aga	Anopheles gambiae	CPR RR-1	0.0	None	0.0	None	0.0	0.0	no_confident_CPAP_hit	low	no_confident_hit	no_ChtBD2_support	140	0	0	0	0	0	0	0	NA	NA	NA	NA	NA
Aga_CPR61	CPR61	Aga	Anopheles gambiae	CPR RR-1	0.0	None	0.0	None	0.0	0.0	no_confident_CPAP_hit	low	no_confident_hit	no_ChtBD2_support	150	1	0	0	0	0	0	0	NA	NA	NA	NA	NA
Aga_CPR62	CPR62	Aga	Anopheles gambiae	CPR RR-1	0.0	None	0.0	None	0.0	0.0	no_confident_CPAP_hit	low	no_confident_hit	no_ChtBD2_support	150	1	0	0	0	0	0	0	NA	NA	NA	NA	NA
Aga_CPR63	CPR63	Aga	Anopheles gambiae	CPR RR-1	0.0	None	0.0	None	0.0	0.0	no_confident_CPAP_hit	low	no_confident_hit	no_ChtBD2_support	182	0	0	0	0	0	0	0	NA	NA	NA	NA	NA
Aga_CPR64	CPR64	Aga	Anopheles gambiae	CPR RR-1	0.0	None	0.0	None	0.0	0.0	no_confident_CPAP_hit	low	no_confident_hit	no_ChtBD2_support	193	0	0	0	0	0	0	0	NA	NA	NA	NA	NA
Aga_CPR65	CPR65	Aga	Anopheles gambiae	CPR RR-1	0.0	None	0.0	None	0.0	0.0	no_confident_CPAP_hit	low	no_confident_hit	no_ChtBD2_support	120	0	0	0	0	0	0	0	NA	NA	NA	NA	NA
Aga_CPR66	CPR66	Aga	Anopheles gambiae	CPR RR-1	0.0	None	0.0	None	0.0	0.0	no_confident_CPAP_hit	low	no_confident_hit	no_ChtBD2_support	122	0	0	0	0	0	0	0	NA	NA	NA	NA	NA
Aga_CPR67	CPR67	Aga	Anopheles gambiae	CPR RR-1	0.0	None	0.0	None	0.0	0.0	no_confident_CPAP_hit	low	no_confident_hit	no_ChtBD2_support	244	0	0	0	0	0	0	0	NA	NA	NA	NA	NA
Aga_CPR68	CPR68	Aga	Anopheles gambiae	CPR RR-1	0.0	None	0.0	None	0.0	0.0	no_confident_CPAP_hit	low	no_confident_hit	no_ChtBD2_support	138	2	0	0	0	0	0	0	NA	NA	NA	NA	NA
Aga_CPR69	CPR69	Aga	Anopheles gambiae	CPR RR-1	0.0	None	0.0	None	0.0	0.0	no_confident_CPAP_hit	low	no_confident_hit	no_ChtBD2_support	247	0	0	0	0	0	0	0	NA	NA	NA	NA	NA
Aga_CPR7	CPR7	Aga	Anopheles gambiae	CPR RR-1	0.0	None	0.0	None	0.0	0.0	no_confident_CPAP_hit	low	no_confident_hit	no_ChtBD2_support	131	1	0	0	0	0	0	0	NA	NA	NA	NA	NA
Aga_CPR70	CPR70	Aga	Anopheles gambiae	CPR RR-2	0.0	None	0.0	None	0.0	0.0	no_confident_CPAP_hit	low	no_confident_hit	no_ChtBD2_support	139	1	0	0	0	0	0	0	NA	NA	NA	NA	NA
Aga_CPR71	CPR71	Aga	Anopheles gambiae	CPR RR-2	0.0	None	0.0	None	0.0	0.0	no_confident_CPAP_hit	low	no_confident_hit	no_ChtBD2_support	201	2	0	0	0	0	0	0	NA	NA	NA	NA	NA
Aga_CPR72	CPR72	Aga	Anopheles gambiae	CPR RR-2	0.0	None	0.0	None	0.0	0.0	no_confident_CPAP_hit	low	no_confident_hit	no_ChtBD2_support	138	1	0	0	0	0	0	0	NA	NA	NA	NA	NA
Aga_CPR73	CPR73	Aga	Anopheles gambiae	CPR RR-1	0.0	None	0.0	None	0.0	0.0	no_confident_CPAP_hit	low	no_confident_hit	no_ChtBD2_support	166	0	0	0	0	0	0	0	NA	NA	NA	NA	NA
Aga_CPR74	CPR74	Aga	Anopheles gambiae	CPR RR-1	0.0	None	0.0	None	0.0	0.0	no_confident_CPAP_hit	low	no_confident_hit	no_ChtBD2_support	122	0	0	0	0	0	0	0	NA	NA	NA	NA	NA
Aga_CPR75	CPR75	Aga	Anopheles gambiae	CPR RR-1	0.0	None	0.0	None	0.0	0.0	no_confident_CPAP_hit	low	no_confident_hit	no_ChtBD2_support	134	2	0	0	0	0	0	0	NA	NA	NA	NA	NA
Aga_CPR76	CPR76	Aga	Anopheles gambiae	CPR RR-1	0.0	None	0.0	None	0.0	0.0	no_confident_CPAP_hit	low	no_confident_hit	no_ChtBD2_support	268	1	0	0	0	0	0	0	NA	NA	NA	NA	NA
Aga_CPR77	CPR77	Aga	Anopheles gambiae	CPR RR-1	0.0	None	0.0	None	0.0	0.0	no_confident_CPAP_hit	low	no_confident_hit	no_ChtBD2_support	126	0	0	0	0	0	0	0	NA	NA	NA	NA	NA
Aga_CPR78	CPR78	Aga	Anopheles gambiae	CPR RR-1	0.0	None	0.0	None	0.0	0.0	no_confident_CPAP_hit	low	no_confident_hit	no_ChtBD2_support	137	3	0	0	0	0	0	0	NA	NA	NA	NA	NA
Aga_CPR79	CPR79	Aga	Anopheles gambiae	CPR RR-1	0.0	None	0.0	None	0.0	0.0	no_confident_CPAP_hit	low	no_confident_hit	no_ChtBD2_support	386	2	0	0	0	0	0	0	NA	NA	NA	NA	NA
Aga_CPR8	CPR8	Aga	Anopheles gambiae	CPR RR-1	0.0	None	0.0	None	0.0	0.0	no_confident_CPAP_hit	low	no_confident_hit	no_ChtBD2_support	137	2	0	0	0	0	0	0	NA	NA	NA	NA	NA
Aga_CPR80	CPR80	Aga	Anopheles gambiae	CPR RR-1	0.0	None	0.0	None	0.0	0.0	no_confident_CPAP_hit	low	no_confident_hit	no_ChtBD2_support	249	2	0	0	0	0	0	0	NA	NA	NA	NA	NA
Aga_CPR81	CPR81	Aga	Anopheles gambiae	CPR RR-1	0.0	None	0.0	None	0.0	0.0	no_confident_CPAP_hit	low	no_confident_hit	no_ChtBD2_support	131	0	0	0	0	0	0	0	NA	NA	NA	NA	NA
Aga_CPR82	CPR82	Aga	Anopheles gambiae	CPR RR-2	0.0	None	0.0	None	0.0	0.0	no_confident_CPAP_hit	low	no_confident_hit	no_ChtBD2_support	247	0	0	0	0	0	0	0	NA	NA	NA	NA	NA
Aga_CPR83	CPR83	Aga	Anopheles gambiae	CPR RR-2	0.0	None	0.0	None	0.0	0.0	no_confident_CPAP_hit	low	no_confident_hit	no_ChtBD2_support	159	1	0	0	0	0	0	0	NA	NA	NA	NA	NA
Aga_CPR84	CPR84	Aga	Anopheles gambiae	CPR RR-2	0.0	None	0.0	None	0.0	0.0	no_confident_CPAP_hit	low	no_confident_hit	no_ChtBD2_support	135	1	0	0	0	0	0	0	NA	NA	NA	NA	NA
Aga_CPR85	CPR85	Aga	Anopheles gambiae	CPR RR-2	0.0	None	0.0	None	0.0	0.0	no_confident_CPAP_hit	low	no_confident_hit	no_ChtBD2_support	180	1	0	0	0	0	0	0	NA	NA	NA	NA	NA
Aga_CPR86	CPR86	Aga	Anopheles gambiae	CPR RR-2	0.0	None	0.0	None	0.0	0.0	no_confident_CPAP_hit	low	no_confident_hit	no_ChtBD2_support	132	0	0	0	0	0	0	0	NA	NA	NA	NA	NA
Aga_CPR87	CPR87	Aga	Anopheles gambiae	CPR RR-2	0.0	None	0.0	None	0.0	0.0	no_confident_CPAP_hit	low	no_confident_hit	no_ChtBD2_support	132	0	0	0	0	0	0	0	NA	NA	NA	NA	NA
Aga_CPR88	CPR88	Aga	Anopheles gambiae	CPR RR-2	0.0	None	0.0	None	0.0	0.0	no_confident_CPAP_hit	low	no_confident_hit	no_ChtBD2_support	124	0	0	0	0	0	0	0	NA	NA	NA	NA	NA
Aga_CPR89	CPR89	Aga	Anopheles gambiae	CPR RR-2	0.0	None	0.0	None	0.0	0.0	no_confident_CPAP_hit	low	no_confident_hit	no_ChtBD2_support	132	0	0	0	0	0	0	0	NA	NA	NA	NA	NA
Aga_CPR9	CPR9	Aga	Anopheles gambiae	CPR RR-1	0.0	None	0.0	None	0.0	0.0	no_confident_CPAP_hit	low	no_confident_hit	no_ChtBD2_support	199	2	0	0	0	0	0	0	NA	NA	NA	NA	NA
Aga_CPR90	CPR90	Aga	Anopheles gambiae	CPR RR-2	0.0	None	0.0	None	0.0	0.0	no_confident_CPAP_hit	low	no_confident_hit	no_ChtBD2_support	132	0	0	0	0	0	0	0	NA	NA	NA	NA	NA
Aga_CPR91	CPR91	Aga	Anopheles gambiae	CPR RR-2	0.0	None	0.0	None	0.0	0.0	no_confident_CPAP_hit	low	no_confident_hit	no_ChtBD2_support	124	0	0	0	0	0	0	0	NA	NA	NA	NA	NA
Aga_CPR92	CPR92	Aga	Anopheles gambiae	CPR RR-2	0.0	None	0.0	None	0.0	0.0	no_confident_CPAP_hit	low	no_confident_hit	no_ChtBD2_support	225	0	0	0	0	0	0	0	NA	NA	NA	NA	NA
Aga_CPR93	CPR93	Aga	Anopheles gambiae	CPR RR-2	0.0	None	0.0	None	0.0	0.0	no_confident_CPAP_hit	low	no_confident_hit	no_ChtBD2_support	231	0	0	0	0	0	0	0	NA	NA	NA	NA	NA
Aga_CPR94	CPR94	Aga	Anopheles gambiae	CPR RR-2	0.0	None	0.0	None	0.0	0.0	no_confident_CPAP_hit	low	no_confident_hit	no_ChtBD2_support	231	0	0	0	0	0	0	0	NA	NA	NA	NA	NA
Aga_CPR95	CPR95	Aga	Anopheles gambiae	CPR RR-2	0.0	None	0.0	None	0.0	0.0	no_confident_CPAP_hit	low	no_confident_hit	no_ChtBD2_support	235	0	0	0	0	0	0	0	NA	NA	NA	NA	NA
Aga_CPR96	CPR96	Aga	Anopheles gambiae	CPR RR-2	0.0	None	0.0	None	0.0	0.0	no_confident_CPAP_hit	low	no_confident_hit	no_ChtBD2_support	227	0	0	0	0	0	0	0	NA	NA	NA	NA	NA
Aga_CPR97	CPR97	Aga	Anopheles gambiae	CPR RR-2	0.0	None	0.0	None	0.0	0.0	no_confident_CPAP_hit	low	no_confident_hit	no_ChtBD2_support	239	0	0	0	0	0	0	0	NA	NA	NA	NA	NA
Aga_CPR98	CPR98	Aga	Anopheles gambiae	CPR RR-2	0.0	None	0.0	None	0.0	0.0	no_confident_CPAP_hit	low	no_confident_hit	no_ChtBD2_support	193	1	0	0	0	0	0	0	NA	NA	NA	NA	NA
Aga_CPR99	CPR99	Aga	Anopheles gambiae	CPR RR-2	0.0	None	0.0	None	0.0	0.0	no_confident_CPAP_hit	low	no_confident_hit	no_ChtBD2_support	231	0	0	0	0	0	0	0	NA	NA	NA	NA	NA
Aga_CPTC1	CPTC1	Aga	Anopheles gambiae	NULL	0.0	None	0.0	None	0.0	0.0	no_confident_CPAP_hit	low	no_confident_hit	no_ChtBD2_support	126	3	0	0	0	0	0	0	NA	NA	NA	NA	NA
Aga_CPTC2	CPTC2	Aga	Anopheles gambiae	NULL	0.0	None	0.0	None	0.0	0.0	no_confident_CPAP_hit	low	no_confident_hit	no_ChtBD2_support	118	4	0	0	0	0	0	0	NA	NA	NA	NA	NA
Aga_CPTC3	CPTC3	Aga	Anopheles gambiae	NULL	0.0	None	0.0	None	0.0	0.0	no_confident_CPAP_hit	low	no_confident_hit	no_ChtBD2_support	127	4	0	0	0	0	0	0	NA	NA	NA	NA	NA
Aga_CPTC4	CPTC4	Aga	Anopheles gambiae	NULL	0.0	None	0.0	None	0.0	0.0	no_confident_CPAP_hit	low	no_confident_hit	no_ChtBD2_support	127	4	0	0	0	0	0	0	NA	NA	NA	NA	NA
Aga_TWDL1	TWDL1	Aga	Anopheles gambiae	Tweedle	0.0	None	0.0	None	0.0	0.0	no_confident_CPAP_hit	low	no_confident_hit	no_ChtBD2_support	300	2	0	0	0	0	0	0	NA	NA	NA	NA	NA
Aga_TWDL10	TWDL10	Aga	Anopheles gambiae	Tweedle	0.0	None	0.0	None	0.0	0.0	no_confident_CPAP_hit	low	no_confident_hit	no_ChtBD2_support	490	4	0	0	0	0	0	0	NA	NA	NA	NA	NA
Aga_TWDL11	TWDL11	Aga	Anopheles gambiae	Tweedle	0.0	None	0.0	None	0.0	0.0	no_confident_CPAP_hit	low	no_confident_hit	no_ChtBD2_support	177	1	0	0	0	0	0	0	NA	NA	NA	NA	NA
Aga_TWDL12	TWDL12	Aga	Anopheles gambiae	Tweedle	0.0	None	0.0	None	0.0	0.0	no_confident_CPAP_hit	low	no_confident_hit	no_ChtBD2_support	201	2	0	0	0	0	0	0	NA	NA	NA	NA	NA
Aga_TWDL2	TWDL2	Aga	Anopheles gambiae	Tweedle	0.0	None	0.0	None	0.0	0.0	no_confident_CPAP_hit	low	no_confident_hit	no_ChtBD2_support	386	1	0	0	0	0	0	0	NA	NA	NA	NA	NA
Aga_TWDL3	TWDL3	Aga	Anopheles gambiae	Tweedle	0.0	None	0.0	None	0.0	0.0	no_confident_CPAP_hit	low	no_confident_hit	no_ChtBD2_support	357	1	0	0	0	0	0	0	NA	NA	NA	NA	NA
Aga_TWDL4	TWDL4	Aga	Anopheles gambiae	Tweedle	0.0	None	0.0	None	0.0	0.0	no_confident_CPAP_hit	low	no_confident_hit	no_ChtBD2_support	362	1	0	0	0	0	0	0	NA	NA	NA	NA	NA
Aga_TWDL5	TWDL5	Aga	Anopheles gambiae	Tweedle	0.0	None	0.0	None	0.0	0.0	no_confident_CPAP_hit	low	no_confident_hit	no_ChtBD2_support	387	1	0	0	0	0	0	0	NA	NA	NA	NA	NA
Aga_TWDL6	TWDL6	Aga	Anopheles gambiae	Tweedle	0.0	None	0.0	None	0.0	0.0	no_confident_CPAP_hit	low	no_confident_hit	no_ChtBD2_support	365	2	0	0	0	0	0	0	NA	NA	NA	NA	NA
Aga_TWDL7	TWDL7	Aga	Anopheles gambiae	Tweedle	0.0	None	0.0	None	0.0	0.0	no_confident_CPAP_hit	low	no_confident_hit	no_ChtBD2_support	262	1	0	0	0	0	0	0	NA	NA	NA	NA	NA
Aga_TWDL8	TWDL8	Aga	Anopheles gambiae	Tweedle	0.0	None	0.0	None	0.0	0.0	no_confident_CPAP_hit	low	no_confident_hit	no_ChtBD2_support	213	0	0	0	0	0	0	0	NA	NA	NA	NA	NA
Aga_TWDL9	TWDL9	Aga	Anopheles gambiae	Tweedle	0.0	None	0.0	None	0.0	0.0	no_confident_CPAP_hit	low	no_confident_hit	no_ChtBD2_support	308	1	0	0	0	0	0	0	NA	NA	NA	NA	NA
Ago_SgAbd2-like	SgAbd2-like	Ago	Aphis gossypii	CPR RR-1	0.0	None	0.0	None	0.0	0.0	no_confident_CPAP_hit	low	no_confident_hit	no_ChtBD2_support	201	0	0	0	0	0	0	0	NA	NA	NA	NA	NA
Aip_Y-y	Y-y	Aip	Agrotis ipsilon	Yellow	0.0	None	0.0	None	0.0	0.0	no_confident_CPAP_hit	low	no_confident_hit	no_ChtBD2_support	536	6	0	0	0	0	0	0	231	229	14,20,41,138,73	110	401
Ame_CPR14	CPR14	Ame	Apis mellifera	CPR RR-1	0.0	None	0.0	None	0.0	0.0	no_confident_CPAP_hit	low	no_confident_hit	no_ChtBD2_support	144	1	0	0	0	0	0	0	NA	NA	NA	NA	NA
Ame_Lac2	Lac2	Ame	Apis mellifera	Muticopper oxidase / Phenol oxidase	0.0	None	0.0	None	0.0	0.0	no_confident_CPAP_hit	low	no_confident_hit	no_ChtBD2_support	573	16	0	0	0	0	0	0	64	64	2,11,1,24,41	2	86
Ame_Twdl1	Twdl1	Ame	Apis mellifera	Tweedle	0.0	None	0.0	None	0.0	0.0	no_confident_CPAP_hit	low	no_confident_hit	no_ChtBD2_support	331	0	0	0	0	0	0	0	NA	NA	NA	NA	NA
Ame_Twdl2	Twdl2	Ame	Apis mellifera	Tweedle	0.0	None	0.0	None	0.0	0.0	no_confident_CPAP_hit	low	no_confident_hit	no_ChtBD2_support	185	1	0	0	0	0	0	0	NA	NA	NA	NA	NA
Api_CP62	CP62	Api	Acyrthosiphon pisum	CPR RR-2	0.0	None	0.0	None	0.0	0.0	no_confident_CPAP_hit	low	no_confident_hit	no_ChtBD2_support	216	1	0	0	0	0	0	0	NA	NA	NA	NA	NA
Api_CP7	CP7	Api	Acyrthosiphon pisum	CPR RR-2	0.0	None	0.0	None	0.0	0.0	no_confident_CPAP_hit	low	no_confident_hit	no_ChtBD2_support	158	1	0	0	0	0	0	0	NA	NA	NA	NA	NA
Api_Stylin-01	Stylin-01	Api	Acyrthosiphon pisum	CPR RR-1	0.0	None	0.0	None	0.0	0.0	no_confident_CPAP_hit	low	no_confident_hit	no_ChtBD2_support	135	0	0	0	0	0	0	0	NA	NA	NA	NA	NA
Asi_CPF1	CPF1	Asi	Anopheles sinensis	CPF	0.0	None	0.0	None	0.0	0.0	no_confident_CPAP_hit	low	no_confident_hit	no_ChtBD2_support	219	0	0	0	0	0	0	0	NA	NA	NA	NA	NA
Asi_Lac2	Lac2	Asi	Anopheles sinensis	Muticopper oxidase / Phenol oxidase	0.0	None	0.0	None	0.0	0.0	no_confident_CPAP_hit	low	no_confident_hit	no_ChtBD2_support	754	19	0	0	0	0	0	0	25	25	3,8,15,2,11	152	196
Bdo_CPCFC	CPCFC	Bdo	Bactrocera dorsalis	CPCFC	0.0	None	0.0	None	0.0	0.0	no_confident_CPAP_hit	low	no_confident_hit	no_ChtBD2_support	162	7	0	0	0	0	0	0	95	95	5,74,5,31,5	36	161
Bge_CPLCP1	CPLCP1	Bge	Blattella germanica	CPLCP	0.0	None	0.0	None	0.0	0.0	no_confident_CPAP_hit	low	no_confident_hit	no_ChtBD2_support	332	1	0	0	0	0	0	0	NA	NA	NA	NA	NA
Bge_Y-y	Y-y	Bge	Blattella germanica	Yellow	0.0	None	0.0	None	0.0	0.0	no_confident_CPAP_hit	low	no_confident_hit	no_ChtBD2_support	286	4	0	0	0	0	0	0	NA	NA	NA	NA	NA
Bmo_ASSCP1	ASSCP1	Bmo	Bombyx mori	CPR RR-2	0.0	None	0.0	None	0.0	0.0	no_confident_CPAP_hit	low	no_confident_hit	no_ChtBD2_support	408	5	0	0	0	0	0	0	NA	NA	NA	NA	NA
Bmo_ASSCP2	ASSCP2	Bmo	Bombyx mori	CPR RR-2	0.0	None	0.0	None	0.0	0.0	no_confident_CPAP_hit	low	no_confident_hit	no_ChtBD2_support	316	1	0	0	0	0	0	0	NA	NA	NA	NA	NA
Bmo_CPF	CPF	Bmo	Bombyx mori	CPF	0.0	None	0.0	None	0.0	0.0	no_confident_CPAP_hit	low	no_confident_hit	no_ChtBD2_support	145	1	0	0	0	0	0	0	NA	NA	NA	NA	NA
Bmo_CPFL1	CPFL1	Bmo	Bombyx mori	CPFL	0.0	None	0.0	None	0.0	0.0	no_confident_CPAP_hit	low	no_confident_hit	no_ChtBD2_support	258	0	0	0	0	0	0	0	NA	NA	NA	NA	NA
Bmo_CPFL2	CPFL2	Bmo	Bombyx mori	CPFL	0.0	None	0.0	None	0.0	0.0	no_confident_CPAP_hit	low	no_confident_hit	no_ChtBD2_support	252	2	0	0	0	0	0	0	NA	NA	NA	NA	NA
Bmo_CPFL3	CPFL3	Bmo	Bombyx mori	CPFL	0.0	None	0.0	None	0.0	0.0	no_confident_CPAP_hit	low	no_confident_hit	no_ChtBD2_support	237	1	0	0	0	0	0	0	NA	NA	NA	NA	NA
Bmo_CPFL4	CPFL4	Bmo	Bombyx mori	CPFL	0.0	None	0.0	None	0.0	0.0	no_confident_CPAP_hit	low	no_confident_hit	no_ChtBD2_support	305	1	0	0	0	0	0	0	NA	NA	NA	NA	NA
Bmo_CPG1	CPG1	Bmo	Bombyx mori	CPG	0.0	None	0.0	None	0.0	0.0	no_confident_CPAP_hit	low	no_confident_hit	no_ChtBD2_support	165	1	0	0	0	0	0	0	NA	NA	NA	NA	NA
Bmo_CPG10	CPG10	Bmo	Bombyx mori	CPG	0.0	None	0.0	None	0.0	0.0	no_confident_CPAP_hit	low	no_confident_hit	no_ChtBD2_support	224	2	0	0	0	0	0	0	NA	NA	NA	NA	NA
Bmo_CPG11	CPG11	Bmo	Bombyx mori	CPG	0.0	None	0.0	None	0.0	0.0	no_confident_CPAP_hit	low	no_confident_hit	no_ChtBD2_support	359	0	0	0	0	0	0	0	NA	NA	NA	NA	NA
Bmo_CPG12	CPG12	Bmo	Bombyx mori	CPG	0.0	None	0.0	None	0.0	0.0	no_confident_CPAP_hit	low	no_confident_hit	no_ChtBD2_support	354	0	0	0	0	0	0	0	NA	NA	NA	NA	NA
Bmo_CPG13	CPG13	Bmo	Bombyx mori	CPG	0.0	None	0.0	None	0.0	0.0	no_confident_CPAP_hit	low	no_confident_hit	no_ChtBD2_support	368	1	0	0	0	0	0	0	NA	NA	NA	NA	NA
Bmo_CPG14	CPG14	Bmo	Bombyx mori	CPG	0.0	None	0.0	None	0.0	0.0	no_confident_CPAP_hit	low	no_confident_hit	no_ChtBD2_support	199	1	0	0	0	0	0	0	NA	NA	NA	NA	NA
Bmo_CPG15	CPG15	Bmo	Bombyx mori	CPG	0.0	None	0.0	None	0.0	0.0	no_confident_CPAP_hit	low	no_confident_hit	no_ChtBD2_support	179	1	0	0	0	0	0	0	NA	NA	NA	NA	NA
Bmo_CPG16	CPG16	Bmo	Bombyx mori	CPG	0.0	None	0.0	None	0.0	0.0	no_confident_CPAP_hit	low	no_confident_hit	no_ChtBD2_support	215	1	0	0	0	0	0	0	NA	NA	NA	NA	NA
Bmo_CPG17	CPG17	Bmo	Bombyx mori	CPG	0.0	None	0.0	None	0.0	0.0	no_confident_CPAP_hit	low	no_confident_hit	no_ChtBD2_support	94	0	0	0	0	0	0	0	NA	NA	NA	NA	NA
Bmo_CPG18	CPG18	Bmo	Bombyx mori	CPG	0.0	None	0.0	None	0.0	0.0	no_confident_CPAP_hit	low	no_confident_hit	no_ChtBD2_support	107	2	0	0	0	0	0	0	NA	NA	NA	NA	NA
Bmo_CPG19	CPG19	Bmo	Bombyx mori	CPG	0.0	None	0.0	None	0.0	0.0	no_confident_CPAP_hit	low	no_confident_hit	no_ChtBD2_support	120	3	0	0	0	0	0	0	NA	NA	NA	NA	NA
Bmo_CPG2	CPG2	Bmo	Bombyx mori	CPG	0.0	None	0.0	None	0.0	0.0	no_confident_CPAP_hit	low	no_confident_hit	no_ChtBD2_support	95	0	0	0	0	0	0	0	NA	NA	NA	NA	NA
Bmo_CPG20	CPG20	Bmo	Bombyx mori	CPG	0.0	None	0.0	None	0.0	0.0	no_confident_CPAP_hit	low	no_confident_hit	no_ChtBD2_support	159	2	0	0	0	0	0	0	NA	NA	NA	NA	NA
Bmo_CPG21	CPG21	Bmo	Bombyx mori	CPG	0.0	None	0.0	None	0.0	0.0	no_confident_CPAP_hit	low	no_confident_hit	no_ChtBD2_support	268	1	0	0	0	0	0	0	NA	NA	NA	NA	NA
Bmo_CPG22	CPG22	Bmo	Bombyx mori	CPG	0.0	None	0.0	None	0.0	0.0	no_confident_CPAP_hit	low	no_confident_hit	no_ChtBD2_support	107	1	0	0	0	0	0	0	NA	NA	NA	NA	NA
Bmo_CPG23	CPG23	Bmo	Bombyx mori	CPG	0.0	None	0.0	None	0.0	0.0	no_confident_CPAP_hit	low	no_confident_hit	no_ChtBD2_support	213	1	0	0	0	0	0	0	NA	NA	NA	NA	NA
Bmo_CPG24	CPG24	Bmo	Bombyx mori	CPG	0.0	None	0.0	None	0.0	0.0	no_confident_CPAP_hit	low	no_confident_hit	no_ChtBD2_support	390	0	0	0	0	0	0	0	NA	NA	NA	NA	NA
Bmo_CPG25	CPG25	Bmo	Bombyx mori	CPG	0.0	None	0.0	None	0.0	0.0	no_confident_CPAP_hit	low	no_confident_hit	no_ChtBD2_support	156	1	0	0	0	0	0	0	NA	NA	NA	NA	NA
Bmo_CPG26	CPG26	Bmo	Bombyx mori	CPG	0.0	None	0.0	None	0.0	0.0	no_confident_CPAP_hit	low	no_confident_hit	no_ChtBD2_support	153	1	0	0	0	0	0	0	NA	NA	NA	NA	NA
Bmo_CPG27	CPG27	Bmo	Bombyx mori	CPG	0.0	None	0.0	None	0.0	0.0	no_confident_CPAP_hit	low	no_confident_hit	no_ChtBD2_support	149	1	0	0	0	0	0	0	NA	NA	NA	NA	NA
Bmo_CPG28	CPG28	Bmo	Bombyx mori	CPG	0.0	None	0.0	None	0.0	0.0	no_confident_CPAP_hit	low	no_confident_hit	no_ChtBD2_support	142	1	0	0	0	0	0	0	NA	NA	NA	NA	NA
Bmo_CPG3	CPG3	Bmo	Bombyx mori	CPG	0.0	None	0.0	None	0.0	0.0	no_confident_CPAP_hit	low	no_confident_hit	no_ChtBD2_support	134	1	0	0	0	0	0	0	NA	NA	NA	NA	NA
Bmo_CPG30	CPG30	Bmo	Bombyx mori	CPG	0.0	None	0.0	None	0.0	0.0	no_confident_CPAP_hit	low	no_confident_hit	no_ChtBD2_support	509	5	0	0	0	0	0	0	NA	NA	NA	NA	NA
Bmo_CPG31	CPG31	Bmo	Bombyx mori	CPG	0.0	None	0.0	None	0.0	0.0	no_confident_CPAP_hit	low	no_confident_hit	no_ChtBD2_support	290	0	0	0	0	0	0	0	NA	NA	NA	NA	NA
Bmo_CPG32	CPG32	Bmo	Bombyx mori	CPG	0.0	None	0.0	None	0.0	0.0	no_confident_CPAP_hit	low	no_confident_hit	no_ChtBD2_support	537	4	0	0	0	0	0	0	NA	NA	NA	NA	NA
Bmo_CPG33	CPG33	Bmo	Bombyx mori	CPG	0.0	None	0.0	None	0.0	0.0	no_confident_CPAP_hit	low	no_confident_hit	no_ChtBD2_support	203	2	0	0	0	0	0	0	NA	NA	NA	NA	NA
Bmo_CPG34	CPG34	Bmo	Bombyx mori	CPG	0.0	None	0.0	None	0.0	0.0	no_confident_CPAP_hit	low	no_confident_hit	no_ChtBD2_support	171	1	0	0	0	0	0	0	NA	NA	NA	NA	NA
Bmo_CPG35	CPG35	Bmo	Bombyx mori	CPG	0.0	None	0.0	None	0.0	0.0	no_confident_CPAP_hit	low	no_confident_hit	no_ChtBD2_support	89	0	0	0	0	0	0	0	NA	NA	NA	NA	NA
Bmo_CPG36	CPG36	Bmo	Bombyx mori	CPG	0.0	None	0.0	None	0.0	0.0	no_confident_CPAP_hit	low	no_confident_hit	no_ChtBD2_support	79	2	0	0	0	0	0	0	NA	NA	NA	NA	NA
Bmo_CPG37	CPG37	Bmo	Bombyx mori	CPG	0.0	None	0.0	None	0.0	0.0	no_confident_CPAP_hit	low	no_confident_hit	no_ChtBD2_support	143	2	0	0	0	0	0	0	NA	NA	NA	NA	NA
Bmo_CPG38	CPG38	Bmo	Bombyx mori	CPG	0.0	None	0.0	None	0.0	0.0	no_confident_CPAP_hit	low	no_confident_hit	no_ChtBD2_support	431	0	0	0	0	0	0	0	NA	NA	NA	NA	NA
Bmo_CPG39	CPG39	Bmo	Bombyx mori	CPG	0.0	None	0.0	None	0.0	0.0	no_confident_CPAP_hit	low	no_confident_hit	no_ChtBD2_support	320	1	0	0	0	0	0	0	NA	NA	NA	NA	NA
Bmo_CPG4	CPG4	Bmo	Bombyx mori	CPG	0.0	None	0.0	None	0.0	0.0	no_confident_CPAP_hit	low	no_confident_hit	no_ChtBD2_support	409	1	0	0	0	0	0	0	NA	NA	NA	NA	NA
Bmo_CPG40	CPG40	Bmo	Bombyx mori	CPG	0.0	None	0.0	None	0.0	0.0	no_confident_CPAP_hit	low	no_confident_hit	no_ChtBD2_support	98	0	0	0	0	0	0	0	NA	NA	NA	NA	NA
Bmo_CPG41	CPG41	Bmo	Bombyx mori	CPG	0.0	None	0.0	None	0.0	0.0	no_confident_CPAP_hit	low	no_confident_hit	no_ChtBD2_support	137	2	0	0	0	0	0	0	NA	NA	NA	NA	NA
Bmo_CPG42	CPG42	Bmo	Bombyx mori	CPG	0.0	None	0.0	None	0.0	0.0	no_confident_CPAP_hit	low	no_confident_hit	no_ChtBD2_support	404	0	0	0	0	0	0	0	NA	NA	NA	NA	NA
Bmo_CPG43	CPG43	Bmo	Bombyx mori	CPG	0.0	None	0.0	None	0.0	0.0	no_confident_CPAP_hit	low	no_confident_hit	no_ChtBD2_support	68	0	0	0	0	0	0	0	NA	NA	NA	NA	NA
Bmo_CPG44	CPG44	Bmo	Bombyx mori	CPG	0.0	None	0.0	None	0.0	0.0	no_confident_CPAP_hit	low	no_confident_hit	no_ChtBD2_support	317	1	0	0	0	0	0	0	NA	NA	NA	NA	NA
Bmo_CPG45	CPG45	Bmo	Bombyx mori	CPG	0.0	None	0.0	None	0.0	0.0	no_confident_CPAP_hit	low	no_confident_hit	no_ChtBD2_support	72	0	0	0	0	0	0	0	NA	NA	NA	NA	NA
Bmo_CPG46	CPG46	Bmo	Bombyx mori	CPG	0.0	None	0.0	None	0.0	0.0	no_confident_CPAP_hit	low	no_confident_hit	no_ChtBD2_support	174	0	0	0	0	0	0	0	NA	NA	NA	NA	NA
Bmo_CPG47	CPG47	Bmo	Bombyx mori	CPG	0.0	None	0.0	None	0.0	0.0	no_confident_CPAP_hit	low	no_confident_hit	no_ChtBD2_support	135	2	0	0	0	0	0	0	NA	NA	NA	NA	NA
Bmo_CPG48	CPG48	Bmo	Bombyx mori	CPG	0.0	None	0.0	None	0.0	0.0	no_confident_CPAP_hit	low	no_confident_hit	no_ChtBD2_support	274	2	0	0	0	0	0	0	NA	NA	NA	NA	NA
Bmo_CPG49	CPG49	Bmo	Bombyx mori	CPG	0.0	None	0.0	None	0.0	0.0	no_confident_CPAP_hit	low	no_confident_hit	no_ChtBD2_support	1194	1	0	0	0	0	0	0	NA	NA	NA	NA	NA
Bmo_CPG5	CPG5	Bmo	Bombyx mori	CPG	0.0	None	0.0	None	0.0	0.0	no_confident_CPAP_hit	low	no_confident_hit	no_ChtBD2_support	101	0	0	0	0	0	0	0	NA	NA	NA	NA	NA
Bmo_CPG50	CPG50	Bmo	Bombyx mori	CPG	0.0	None	0.0	None	0.0	0.0	no_confident_CPAP_hit	low	no_confident_hit	no_ChtBD2_support	1155	38	0	0	0	0	0	0	17	17	4,8,4,13,4	293	331
Bmo_CPG6	CPG6	Bmo	Bombyx mori	CPG	0.0	None	0.0	None	0.0	0.0	no_confident_CPAP_hit	low	no_confident_hit	no_ChtBD2_support	140	0	0	0	0	0	0	0	NA	NA	NA	NA	NA
Bmo_CPG7	CPG7	Bmo	Bombyx mori	CPG	0.0	None	0.0	None	0.0	0.0	no_confident_CPAP_hit	low	no_confident_hit	no_ChtBD2_support	280	0	0	0	0	0	0	0	NA	NA	NA	NA	NA
Bmo_CPG8	CPG8	Bmo	Bombyx mori	CPG	0.0	None	0.0	None	0.0	0.0	no_confident_CPAP_hit	low	no_confident_hit	no_ChtBD2_support	345	2	0	0	0	0	0	0	NA	NA	NA	NA	NA
Bmo_CPG9	CPG9	Bmo	Bombyx mori	CPG	0.0	None	0.0	None	0.0	0.0	no_confident_CPAP_hit	low	no_confident_hit	no_ChtBD2_support	209	0	0	0	0	0	0	0	NA	NA	NA	NA	NA
Bmo_CPH1	CPH1	Bmo	Bombyx mori	CPH	0.0	None	0.0	None	0.0	0.0	no_confident_CPAP_hit	low	no_confident_hit	no_ChtBD2_support	89	4	0	0	0	0	0	0	NA	NA	NA	NA	NA
Bmo_CPH10	CPH10	Bmo	Bombyx mori	CPH	0.0	None	0.0	None	0.0	0.0	no_confident_CPAP_hit	low	no_confident_hit	no_ChtBD2_support	137	1	0	0	0	0	0	0	NA	NA	NA	NA	NA
Bmo_CPH11	CPH11	Bmo	Bombyx mori	CPH	0.0	None	0.0	None	0.0	0.0	no_confident_CPAP_hit	low	no_confident_hit	no_ChtBD2_support	137	1	0	0	0	0	0	0	NA	NA	NA	NA	NA
Bmo_CPH12	CPH12	Bmo	Bombyx mori	CPH	0.0	None	0.0	None	0.0	0.0	no_confident_CPAP_hit	low	no_confident_hit	no_ChtBD2_support	237	1	0	0	0	0	0	0	NA	NA	NA	NA	NA
Bmo_CPH13	CPH13	Bmo	Bombyx mori	CPH	0.0	None	0.0	None	0.0	0.0	no_confident_CPAP_hit	low	no_confident_hit	no_ChtBD2_support	236	1	0	0	0	0	0	0	NA	NA	NA	NA	NA
Bmo_CPH14	CPH14	Bmo	Bombyx mori	CPH	0.0	None	0.0	None	0.0	0.0	no_confident_CPAP_hit	low	no_confident_hit	no_ChtBD2_support	170	0	0	0	0	0	0	0	NA	NA	NA	NA	NA
Bmo_CPH15	CPH15	Bmo	Bombyx mori	CPH	0.0	None	0.0	None	0.0	0.0	no_confident_CPAP_hit	low	no_confident_hit	no_ChtBD2_support	170	0	0	0	0	0	0	0	NA	NA	NA	NA	NA
Bmo_CPH16	CPH16	Bmo	Bombyx mori	CPH	0.0	None	0.0	None	0.0	0.0	no_confident_CPAP_hit	low	no_confident_hit	no_ChtBD2_support	247	0	0	0	0	0	0	0	NA	NA	NA	NA	NA
Bmo_CPH17	CPH17	Bmo	Bombyx mori	CPH	0.0	None	0.0	None	0.0	0.0	no_confident_CPAP_hit	low	no_confident_hit	no_ChtBD2_support	100	0	0	0	0	0	0	0	NA	NA	NA	NA	NA
Bmo_CPH18	CPH18	Bmo	Bombyx mori	CPH	0.0	None	0.0	None	0.0	0.0	no_confident_CPAP_hit	low	no_confident_hit	no_ChtBD2_support	101	0	0	0	0	0	0	0	NA	NA	NA	NA	NA
Bmo_CPH19	CPH19	Bmo	Bombyx mori	CPH	0.0	None	0.0	None	0.0	0.0	no_confident_CPAP_hit	low	no_confident_hit	no_ChtBD2_support	213	0	0	0	0	0	0	0	NA	NA	NA	NA	NA
Bmo_CPH2	CPH2	Bmo	Bombyx mori	CPH	0.0	None	0.0	None	0.0	0.0	no_confident_CPAP_hit	low	no_confident_hit	no_ChtBD2_support	215	0	0	0	0	0	0	0	NA	NA	NA	NA	NA
Bmo_CPH20	CPH20	Bmo	Bombyx mori	NULL	0.0	None	0.0	None	0.0	0.0	no_confident_CPAP_hit	low	no_confident_hit	no_ChtBD2_support	207	1	0	0	0	0	0	0	NA	NA	NA	NA	NA
Bmo_CPH21	CPH21	Bmo	Bombyx mori	NULL	0.0	None	0.0	None	0.0	0.0	no_confident_CPAP_hit	low	no_confident_hit	no_ChtBD2_support	149	0	0	0	0	0	0	0	NA	NA	NA	NA	NA
Bmo_CPH22	CPH22	Bmo	Bombyx mori	NULL	0.0	None	0.0	None	0.0	0.0	no_confident_CPAP_hit	low	no_confident_hit	no_ChtBD2_support	423	2	0	0	0	0	0	0	NA	NA	NA	NA	NA
Bmo_CPH23	CPH23	Bmo	Bombyx mori	CPH	0.0	None	0.0	None	0.0	0.0	no_confident_CPAP_hit	low	no_confident_hit	no_ChtBD2_support	91	0	0	0	0	0	0	0	NA	NA	NA	NA	NA
Bmo_CPH24	CPH24	Bmo	Bombyx mori	low complexity	0.0	None	0.0	None	0.0	0.0	no_confident_CPAP_hit	low	no_confident_hit	no_ChtBD2_support	158	0	0	0	0	0	0	0	NA	NA	NA	NA	NA
Bmo_CPH25	CPH25	Bmo	Bombyx mori	CPH	0.0	None	0.0	None	0.0	0.0	no_confident_CPAP_hit	low	no_confident_hit	no_ChtBD2_support	257	0	0	0	0	0	0	0	NA	NA	NA	NA	NA
Bmo_CPH26	CPH26	Bmo	Bombyx mori	CPH	0.0	None	0.0	None	0.0	0.0	no_confident_CPAP_hit	low	no_confident_hit	no_ChtBD2_support	124	0	0	0	0	0	0	0	NA	NA	NA	NA	NA
Bmo_CPH27	CPH27	Bmo	Bombyx mori	CPH	0.0	None	0.0	None	0.0	0.0	no_confident_CPAP_hit	low	no_confident_hit	no_ChtBD2_support	66	0	0	0	0	0	0	0	NA	NA	NA	NA	NA
Bmo_CPH28	CPH28	Bmo	Bombyx mori	CPH	0.0	None	0.0	None	0.0	0.0	no_confident_CPAP_hit	low	no_confident_hit	no_ChtBD2_support	516	3	0	0	0	0	0	0	NA	NA	NA	NA	NA
Bmo_CPH29	CPH29	Bmo	Bombyx mori	CPH	0.0	None	0.0	None	0.0	0.0	no_confident_CPAP_hit	low	no_confident_hit	no_ChtBD2_support	663	1	0	0	0	0	0	0	NA	NA	NA	NA	NA
Bmo_CPH3	CPH3	Bmo	Bombyx mori	CPH	0.0	None	0.0	None	0.0	0.0	no_confident_CPAP_hit	low	no_confident_hit	no_ChtBD2_support	280	1	0	0	0	0	0	0	NA	NA	NA	NA	NA
Bmo_CPH30	CPH30	Bmo	Bombyx mori	CPH	0.0	None	0.0	None	0.0	0.0	no_confident_CPAP_hit	low	no_confident_hit	no_ChtBD2_support	210	1	0	0	0	0	0	0	NA	NA	NA	NA	NA
Bmo_CPH32	CPH32	Bmo	Bombyx mori	CPH	0.0	None	0.0	None	0.0	0.0	no_confident_CPAP_hit	low	no_confident_hit	no_ChtBD2_support	118	1	0	0	0	0	0	0	NA	NA	NA	NA	NA
Bmo_CPH33	CPH33	Bmo	Bombyx mori	CPH	0.0	None	0.0	None	0.0	0.0	no_confident_CPAP_hit	low	no_confident_hit	no_ChtBD2_support	146	0	0	0	0	0	0	0	NA	NA	NA	NA	NA
Bmo_CPH34	CPH34	Bmo	Bombyx mori	CPH	0.0	None	0.0	None	0.0	0.0	no_confident_CPAP_hit	low	no_confident_hit	no_ChtBD2_support	268	0	0	0	0	0	0	0	NA	NA	NA	NA	NA
Bmo_CPH35	CPH35	Bmo	Bombyx mori	CPH	0.0	None	0.0	None	0.0	0.0	no_confident_CPAP_hit	low	no_confident_hit	no_ChtBD2_support	1111	2	0	0	0	0	0	0	NA	NA	NA	NA	NA
Bmo_CPH36	CPH36	Bmo	Bombyx mori	CPH	0.0	None	0.0	None	0.0	0.0	no_confident_CPAP_hit	low	no_confident_hit	no_ChtBD2_support	124	0	0	0	0	0	0	0	NA	NA	NA	NA	NA
Bmo_CPH37	CPH37	Bmo	Bombyx mori	CPH	0.0	None	0.0	None	0.0	0.0	no_confident_CPAP_hit	low	no_confident_hit	no_ChtBD2_support	197	0	0	0	0	0	0	0	NA	NA	NA	NA	NA
Bmo_CPH38	CPH38	Bmo	Bombyx mori	CPH	0.0	None	0.0	None	0.0	0.0	no_confident_CPAP_hit	low	no_confident_hit	no_ChtBD2_support	197	0	0	0	0	0	0	0	NA	NA	NA	NA	NA
Bmo_CPH39	CPH39	Bmo	Bombyx mori	CPH	0.0	None	0.0	None	0.0	0.0	no_confident_CPAP_hit	low	no_confident_hit	no_ChtBD2_support	236	1	0	0	0	0	0	0	NA	NA	NA	NA	NA
Bmo_CPH4	CPH4	Bmo	Bombyx mori	CPH	0.0	None	0.0	None	0.0	0.0	no_confident_CPAP_hit	low	no_confident_hit	no_ChtBD2_support	156	0	0	0	0	0	0	0	NA	NA	NA	NA	NA
Bmo_CPH40	CPH40	Bmo	Bombyx mori	CPH	0.0	None	0.0	None	0.0	0.0	no_confident_CPAP_hit	low	no_confident_hit	no_ChtBD2_support	148	0	0	0	0	0	0	0	NA	NA	NA	NA	NA
Bmo_CPH41	CPH41	Bmo	Bombyx mori	CPH	0.0	None	0.0	None	0.0	0.0	no_confident_CPAP_hit	low	no_confident_hit	no_ChtBD2_support	802	0	0	0	0	0	0	0	NA	NA	NA	NA	NA
Bmo_CPH42	CPH42	Bmo	Bombyx mori	CPH	0.0	None	0.0	None	0.0	0.0	no_confident_CPAP_hit	low	no_confident_hit	no_ChtBD2_support	251	0	0	0	0	0	0	0	NA	NA	NA	NA	NA
Bmo_CPH43	CPH43	Bmo	Bombyx mori	CPH	0.0	None	0.0	None	0.0	0.0	no_confident_CPAP_hit	low	no_confident_hit	no_ChtBD2_support	74	0	0	0	0	0	0	0	NA	NA	NA	NA	NA
Bmo_CPH44	CPH44	Bmo	Bombyx mori	CPH	0.0	None	0.0	None	0.0	0.0	no_confident_CPAP_hit	low	no_confident_hit	no_ChtBD2_support	74	0	0	0	0	0	0	0	NA	NA	NA	NA	NA
Bmo_CPH45	CPH45	Bmo	Bombyx mori	CPH	0.0	None	0.0	None	0.0	0.0	no_confident_CPAP_hit	low	no_confident_hit	no_ChtBD2_support	74	0	0	0	0	0	0	0	NA	NA	NA	NA	NA
Bmo_CPH46	CPH46	Bmo	Bombyx mori	CPH	0.0	None	0.0	None	0.0	0.0	no_confident_CPAP_hit	low	no_confident_hit	no_ChtBD2_support	74	0	0	0	0	0	0	0	NA	NA	NA	NA	NA
Bmo_CPH47	CPH47	Bmo	Bombyx mori	CPH	0.0	None	0.0	None	0.0	0.0	no_confident_CPAP_hit	low	no_confident_hit	no_ChtBD2_support	124	1	0	0	0	0	0	0	NA	NA	NA	NA	NA
Bmo_CPH5	CPH5	Bmo	Bombyx mori	CPH	0.0	None	0.0	None	0.0	0.0	no_confident_CPAP_hit	low	no_confident_hit	no_ChtBD2_support	107	2	0	0	0	0	0	0	NA	NA	NA	NA	NA
Bmo_CPH6	CPH6	Bmo	Bombyx mori	CPH	0.0	None	0.0	None	0.0	0.0	no_confident_CPAP_hit	low	no_confident_hit	no_ChtBD2_support	170	0	0	0	0	0	0	0	NA	NA	NA	NA	NA
Bmo_CPH7	CPH7	Bmo	Bombyx mori	CPH	0.0	None	0.0	None	0.0	0.0	no_confident_CPAP_hit	low	no_confident_hit	no_ChtBD2_support	306	1	0	0	0	0	0	0	NA	NA	NA	NA	NA
Bmo_CPH8	CPH8	Bmo	Bombyx mori	CPH	0.0	None	0.0	None	0.0	0.0	no_confident_CPAP_hit	low	no_confident_hit	no_ChtBD2_support	243	1	0	0	0	0	0	0	NA	NA	NA	NA	NA
Bmo_CPH9	CPH9	Bmo	Bombyx mori	CPH	0.0	None	0.0	None	0.0	0.0	no_confident_CPAP_hit	low	no_confident_hit	no_ChtBD2_support	161	1	0	0	0	0	0	0	NA	NA	NA	NA	NA
Bmo_CPR1	CPR1	Bmo	Bombyx mori	CPR RR-1	0.0	None	0.0	None	0.0	0.0	no_confident_CPAP_hit	low	no_confident_hit	no_ChtBD2_support	197	1	0	0	0	0	0	0	NA	NA	NA	NA	NA
Bmo_CPR10	CPR10	Bmo	Bombyx mori	CPR RR-1	0.0	None	0.0	None	0.0	0.0	no_confident_CPAP_hit	low	no_confident_hit	no_ChtBD2_support	281	1	0	0	0	0	0	0	NA	NA	NA	NA	NA
Bmo_CPR100	CPR100	Bmo	Bombyx mori	CPR RR-2	0.0	None	0.0	None	0.0	0.0	no_confident_CPAP_hit	low	no_confident_hit	no_ChtBD2_support	181	1	0	0	0	0	0	0	NA	NA	NA	NA	NA
Bmo_CPR101	CPR101	Bmo	Bombyx mori	CPR RR-2	0.0	None	0.0	None	0.0	0.0	no_confident_CPAP_hit	low	no_confident_hit	no_ChtBD2_support	224	0	0	0	0	0	0	0	NA	NA	NA	NA	NA
Bmo_CPR102	CPR102	Bmo	Bombyx mori	CPR RR-2	0.0	None	0.0	None	0.0	0.0	no_confident_CPAP_hit	low	no_confident_hit	no_ChtBD2_support	222	0	0	0	0	0	0	0	NA	NA	NA	NA	NA
Bmo_CPR103	CPR103	Bmo	Bombyx mori	CPR RR-2	0.0	None	0.0	None	0.0	0.0	no_confident_CPAP_hit	low	no_confident_hit	no_ChtBD2_support	222	0	0	0	0	0	0	0	NA	NA	NA	NA	NA
Bmo_CPR104	CPR104	Bmo	Bombyx mori	CPR RR-2	0.0	None	0.0	None	0.0	0.0	no_confident_CPAP_hit	low	no_confident_hit	no_ChtBD2_support	222	0	0	0	0	0	0	0	NA	NA	NA	NA	NA
Bmo_CPR105	CPR105	Bmo	Bombyx mori	CPR RR-2	0.0	None	0.0	None	0.0	0.0	no_confident_CPAP_hit	low	no_confident_hit	no_ChtBD2_support	224	0	0	0	0	0	0	0	NA	NA	NA	NA	NA
Bmo_CPR106	CPR106	Bmo	Bombyx mori	CPR RR-2	0.0	None	0.0	None	0.0	0.0	no_confident_CPAP_hit	low	no_confident_hit	no_ChtBD2_support	129	0	0	0	0	0	0	0	NA	NA	NA	NA	NA
Bmo_CPR107	CPR107	Bmo	Bombyx mori	CPR RR-2	0.0	None	0.0	None	0.0	0.0	no_confident_CPAP_hit	low	no_confident_hit	no_ChtBD2_support	178	0	0	0	0	0	0	0	NA	NA	NA	NA	NA
Bmo_CPR108	CPR108	Bmo	Bombyx mori	CPR RR-2	0.0	None	0.0	None	0.0	0.0	no_confident_CPAP_hit	low	no_confident_hit	no_ChtBD2_support	121	0	0	0	0	0	0	0	NA	NA	NA	NA	NA
Bmo_CPR109	CPR109	Bmo	Bombyx mori	CPR RR-2	0.0	None	0.0	None	0.0	0.0	no_confident_CPAP_hit	low	no_confident_hit	no_ChtBD2_support	177	0	0	0	0	0	0	0	NA	NA	NA	NA	NA
Bmo_CPR11	CPR11	Bmo	Bombyx mori	CPR RR-1	0.0	None	0.0	None	0.0	0.0	no_confident_CPAP_hit	low	no_confident_hit	no_ChtBD2_support	247	1	0	0	0	0	0	0	NA	NA	NA	NA	NA
Bmo_CPR110	CPR110	Bmo	Bombyx mori	CPR RR-2	0.0	None	0.0	None	0.0	0.0	no_confident_CPAP_hit	low	no_confident_hit	no_ChtBD2_support	121	0	0	0	0	0	0	0	NA	NA	NA	NA	NA
Bmo_CPR111	CPR111	Bmo	Bombyx mori	CPR RR-2	0.0	None	0.0	None	0.0	0.0	no_confident_CPAP_hit	low	no_confident_hit	no_ChtBD2_support	194	0	0	0	0	0	0	0	NA	NA	NA	NA	NA
Bmo_CPR112	CPR112	Bmo	Bombyx mori	CPR RR-2	0.0	None	0.0	None	0.0	0.0	no_confident_CPAP_hit	low	no_confident_hit	no_ChtBD2_support	114	2	0	0	0	0	0	0	NA	NA	NA	NA	NA
Bmo_CPR113	CPR113	Bmo	Bombyx mori	CPR RR-2	0.0	None	0.0	None	0.0	0.0	no_confident_CPAP_hit	low	no_confident_hit	no_ChtBD2_support	101	0	0	0	0	0	0	0	NA	NA	NA	NA	NA
Bmo_CPR114	CPR114	Bmo	Bombyx mori	CPR RR-2	0.0	None	0.0	None	0.0	0.0	no_confident_CPAP_hit	low	no_confident_hit	no_ChtBD2_support	120	0	0	0	0	0	0	0	NA	NA	NA	NA	NA
Bmo_CPR115	CPR115	Bmo	Bombyx mori	CPR RR-2	0.0	None	0.0	None	0.0	0.0	no_confident_CPAP_hit	low	no_confident_hit	no_ChtBD2_support	120	0	0	0	0	0	0	0	NA	NA	NA	NA	NA
Bmo_CPR116	CPR116	Bmo	Bombyx mori	CPR RR-2	0.0	None	0.0	None	0.0	0.0	no_confident_CPAP_hit	low	no_confident_hit	no_ChtBD2_support	120	0	0	0	0	0	0	0	NA	NA	NA	NA	NA
Bmo_CPR117	CPR117	Bmo	Bombyx mori	CPR RR-2	0.0	None	0.0	None	0.0	0.0	no_confident_CPAP_hit	low	no_confident_hit	no_ChtBD2_support	120	0	0	0	0	0	0	0	NA	NA	NA	NA	NA
Bmo_CPR118	CPR118	Bmo	Bombyx mori	CPR RR-2	0.0	None	0.0	None	0.0	0.0	no_confident_CPAP_hit	low	no_confident_hit	no_ChtBD2_support	120	0	0	0	0	0	0	0	NA	NA	NA	NA	NA
Bmo_CPR119	CPR119	Bmo	Bombyx mori	CPR RR-2	0.0	None	0.0	None	0.0	0.0	no_confident_CPAP_hit	low	no_confident_hit	no_ChtBD2_support	131	0	0	0	0	0	0	0	NA	NA	NA	NA	NA
Bmo_CPR12	CPR12	Bmo	Bombyx mori	CPR RR-1	0.0	None	0.0	None	0.0	0.0	no_confident_CPAP_hit	low	no_confident_hit	no_ChtBD2_support	637	1	0	0	0	0	0	0	NA	NA	NA	NA	NA
Bmo_CPR120	CPR120	Bmo	Bombyx mori	CPR RR-2	0.0	None	0.0	None	0.0	0.0	no_confident_CPAP_hit	low	no_confident_hit	no_ChtBD2_support	193	0	0	0	0	0	0	0	NA	NA	NA	NA	NA
Bmo_CPR121	CPR121	Bmo	Bombyx mori	CPR RR-2	0.0	None	0.0	None	0.0	0.0	no_confident_CPAP_hit	low	no_confident_hit	no_ChtBD2_support	138	1	0	0	0	0	0	0	NA	NA	NA	NA	NA
Bmo_CPR122	CPR122	Bmo	Bombyx mori	CPR RR-2	0.0	None	0.0	None	0.0	0.0	no_confident_CPAP_hit	low	no_confident_hit	no_ChtBD2_support	238	1	0	0	0	0	0	0	NA	NA	NA	NA	NA
Bmo_CPR123	CPR123	Bmo	Bombyx mori	CPR RR-2	0.0	None	0.0	None	0.0	0.0	no_confident_CPAP_hit	low	no_confident_hit	no_ChtBD2_support	280	1	0	0	0	0	0	0	NA	NA	NA	NA	NA
Bmo_CPR124	CPR124	Bmo	Bombyx mori	CPR RR-2	0.0	None	0.0	None	0.0	0.0	no_confident_CPAP_hit	low	no_confident_hit	no_ChtBD2_support	223	0	0	0	0	0	0	0	NA	NA	NA	NA	NA
Bmo_CPR125	CPR125	Bmo	Bombyx mori	CPR RR-2	0.0	None	0.0	None	0.0	0.0	no_confident_CPAP_hit	low	no_confident_hit	no_ChtBD2_support	397	2	0	0	0	0	0	0	NA	NA	NA	NA	NA
Bmo_CPR126	CPR126	Bmo	Bombyx mori	CPR RR-2	0.0	None	0.0	None	0.0	0.0	no_confident_CPAP_hit	low	no_confident_hit	no_ChtBD2_support	144	1	0	0	0	0	0	0	NA	NA	NA	NA	NA
Bmo_CPR127	CPR127	Bmo	Bombyx mori	CPR RR-2	0.0	None	0.0	None	0.0	0.0	no_confident_CPAP_hit	low	no_confident_hit	no_ChtBD2_support	243	2	0	0	0	0	0	0	NA	NA	NA	NA	NA
Bmo_CPR128	CPR128	Bmo	Bombyx mori	CPR RR-2	0.0	None	0.0	None	0.0	0.0	no_confident_CPAP_hit	low	no_confident_hit	no_ChtBD2_support	137	1	0	0	0	0	0	0	NA	NA	NA	NA	NA
Bmo_CPR129	CPR129	Bmo	Bombyx mori	His-rich CPR RR-2	0.0	None	0.0	None	0.0	0.0	no_confident_CPAP_hit	low	no_confident_hit	no_ChtBD2_support	159	0	0	0	0	0	0	0	NA	NA	NA	NA	NA
Bmo_CPR13	CPR13	Bmo	Bombyx mori	CPR RR-1	0.0	None	0.0	None	0.0	0.0	no_confident_CPAP_hit	low	no_confident_hit	no_ChtBD2_support	260	0	0	0	0	0	0	0	NA	NA	NA	NA	NA
Bmo_CPR130	CPR130	Bmo	Bombyx mori	CPR RR-2	0.0	None	0.0	None	0.0	0.0	no_confident_CPAP_hit	low	no_confident_hit	no_ChtBD2_support	170	0	0	0	0	0	0	0	NA	NA	NA	NA	NA
Bmo_CPR131	CPR131	Bmo	Bombyx mori	CPR RR-2	0.0	None	0.0	None	0.0	0.0	no_confident_CPAP_hit	low	no_confident_hit	no_ChtBD2_support	169	2	0	0	0	0	0	0	NA	NA	NA	NA	NA
Bmo_CPR132	CPR132	Bmo	Bombyx mori	CPR RR-2	0.0	None	0.0	None	0.0	0.0	no_confident_CPAP_hit	low	no_confident_hit	no_ChtBD2_support	492	1	0	0	0	0	0	0	NA	NA	NA	NA	NA
Bmo_CPR133	CPR133	Bmo	Bombyx mori	CPR RR-2	0.0	None	0.0	None	0.0	0.0	no_confident_CPAP_hit	low	no_confident_hit	no_ChtBD2_support	159	0	0	0	0	0	0	0	NA	NA	NA	NA	NA
Bmo_CPR134	CPR134	Bmo	Bombyx mori	CPR RR-2	0.0	None	0.0	None	0.0	0.0	no_confident_CPAP_hit	low	no_confident_hit	no_ChtBD2_support	125	0	0	0	0	0	0	0	NA	NA	NA	NA	NA
Bmo_CPR135	CPR135	Bmo	Bombyx mori	CPR RR-2	0.0	None	0.0	None	0.0	0.0	no_confident_CPAP_hit	low	no_confident_hit	no_ChtBD2_support	264	1	0	0	0	0	0	0	NA	NA	NA	NA	NA
Bmo_CPR136	CPR136	Bmo	Bombyx mori	CPR RR-2	0.0	None	0.0	None	0.0	0.0	no_confident_CPAP_hit	low	no_confident_hit	no_ChtBD2_support	208	0	0	0	0	0	0	0	NA	NA	NA	NA	NA
Bmo_CPR137	CPR137	Bmo	Bombyx mori	CPR RR-2	0.0	None	0.0	None	0.0	0.0	no_confident_CPAP_hit	low	no_confident_hit	no_ChtBD2_support	226	1	0	0	0	0	0	0	NA	NA	NA	NA	NA
Bmo_CPR138	CPR138	Bmo	Bombyx mori	CPR RR-2	0.0	None	0.0	None	0.0	0.0	no_confident_CPAP_hit	low	no_confident_hit	no_ChtBD2_support	182	0	0	0	0	0	0	0	NA	NA	NA	NA	NA
Bmo_CPR139	CPR139	Bmo	Bombyx mori	CPR RR-2	0.0	None	0.0	None	0.0	0.0	no_confident_CPAP_hit	low	no_confident_hit	no_ChtBD2_support	157	1	0	0	0	0	0	0	NA	NA	NA	NA	NA
Bmo_CPR14	CPR14	Bmo	Bombyx mori	CPR RR-1	0.0	None	0.0	None	0.0	0.0	no_confident_CPAP_hit	low	no_confident_hit	no_ChtBD2_support	870	0	0	0	0	0	0	0	NA	NA	NA	NA	NA
Bmo_CPR140	CPR140	Bmo	Bombyx mori	CPR RR-2	0.0	None	0.0	None	0.0	0.0	no_confident_CPAP_hit	low	no_confident_hit	no_ChtBD2_support	471	1	0	0	0	0	0	0	NA	NA	NA	NA	NA
Bmo_CPR141	CPR141	Bmo	Bombyx mori	CPR RR-2	0.0	None	0.0	None	0.0	0.0	no_confident_CPAP_hit	low	no_confident_hit	no_ChtBD2_support	451	0	0	0	0	0	0	0	NA	NA	NA	NA	NA
Bmo_CPR142	CPR142	Bmo	Bombyx mori	CPR RR-2	0.0	None	0.0	None	0.0	0.0	no_confident_CPAP_hit	low	no_confident_hit	no_ChtBD2_support	185	1	0	0	0	0	0	0	NA	NA	NA	NA	NA
Bmo_CPR143	CPR143	Bmo	Bombyx mori	CPR RR-2	0.0	None	0.0	None	0.0	0.0	no_confident_CPAP_hit	low	no_confident_hit	no_ChtBD2_support	703	0	0	0	0	0	0	0	NA	NA	NA	NA	NA
Bmo_CPR144	CPR144	Bmo	Bombyx mori	CPR RR-2	0.0	None	0.0	None	0.0	0.0	no_confident_CPAP_hit	low	no_confident_hit	no_ChtBD2_support	250	0	0	0	0	0	0	0	NA	NA	NA	NA	NA
Bmo_CPR145	CPR145	Bmo	Bombyx mori	CPR RR-2	0.0	None	0.0	None	0.0	0.0	no_confident_CPAP_hit	low	no_confident_hit	no_ChtBD2_support	443	1	0	0	0	0	0	0	NA	NA	NA	NA	NA
Bmo_CPR146	CPR146	Bmo	Bombyx mori	CPR RR-3	0.0	None	0.0	None	0.0	0.0	no_confident_CPAP_hit	low	no_confident_hit	no_ChtBD2_support	1640	8	0	0	0	0	0	0	1332	1320	1298,1,45,23,2	206	1580
Bmo_CPR147	CPR147	Bmo	Bombyx mori	CPR RR-3	0.0	None	0.0	None	0.0	0.0	no_confident_CPAP_hit	low	no_confident_hit	no_ChtBD2_support	168	1	0	0	0	0	0	0	NA	NA	NA	NA	NA
Bmo_CPR148	CPR148	Bmo	Bombyx mori	CPR RR-1	0.0	None	0.0	None	0.0	0.0	no_confident_CPAP_hit	low	no_confident_hit	no_ChtBD2_support	363	0	0	0	0	0	0	0	NA	NA	NA	NA	NA
Bmo_CPR149	CPR149	Bmo	Bombyx mori	CPR RR-1	0.0	None	0.0	None	0.0	0.0	no_confident_CPAP_hit	low	no_confident_hit	no_ChtBD2_support	347	1	0	0	0	0	0	0	NA	NA	NA	NA	NA
Bmo_CPR15	CPR15	Bmo	Bombyx mori	CPR RR-1	0.0	None	0.0	None	0.0	0.0	no_confident_CPAP_hit	low	no_confident_hit	no_ChtBD2_support	280	1	0	0	0	0	0	0	NA	NA	NA	NA	NA
Bmo_CPR150	CPR150	Bmo	Bombyx mori	CPR RR-2	0.0	None	0.0	None	0.0	0.0	no_confident_CPAP_hit	low	no_confident_hit	no_ChtBD2_support	171	1	0	0	0	0	0	0	NA	NA	NA	NA	NA
Bmo_CPR151	CPR151	Bmo	Bombyx mori	CPR RR-2	0.0	None	0.0	None	0.0	0.0	no_confident_CPAP_hit	low	no_confident_hit	no_ChtBD2_support	235	1	0	0	0	0	0	0	NA	NA	NA	NA	NA
Bmo_CPR152	CPR152	Bmo	Bombyx mori	His-rich CPR RR-2	0.0	None	0.0	None	0.0	0.0	no_confident_CPAP_hit	low	no_confident_hit	no_ChtBD2_support	249	1	0	0	0	0	0	0	NA	NA	NA	NA	NA
Bmo_CPR153	CPR153	Bmo	Bombyx mori	CPR RR-1	0.0	None	0.0	None	0.0	0.0	no_confident_CPAP_hit	low	no_confident_hit	no_ChtBD2_support	260	0	0	0	0	0	0	0	NA	NA	NA	NA	NA
Bmo_CPR154	CPR154	Bmo	Bombyx mori	CPR RR-1	0.0	None	0.0	None	0.0	0.0	no_confident_CPAP_hit	low	no_confident_hit	no_ChtBD2_support	120	1	0	0	0	0	0	0	NA	NA	NA	NA	NA
Bmo_CPR155	CPR155	Bmo	Bombyx mori	CPR RR-1	0.0	None	0.0	None	0.0	0.0	no_confident_CPAP_hit	low	no_confident_hit	no_ChtBD2_support	112	0	0	0	0	0	0	0	NA	NA	NA	NA	NA
Bmo_CPR156	CPR156	Bmo	Bombyx mori	CPR RR-1	0.0	None	0.0	None	0.0	0.0	no_confident_CPAP_hit	low	no_confident_hit	no_ChtBD2_support	123	1	0	0	0	0	0	0	NA	NA	NA	NA	NA
Bmo_CPR157	CPR157	Bmo	Bombyx mori	CPR RR-2	0.0	None	0.0	None	0.0	0.0	no_confident_CPAP_hit	low	no_confident_hit	no_ChtBD2_support	182	0	0	0	0	0	0	0	NA	NA	NA	NA	NA
Bmo_CPR158	CPR158	Bmo	Bombyx mori	CPR RR-2	0.0	None	0.0	None	0.0	0.0	no_confident_CPAP_hit	low	no_confident_hit	no_ChtBD2_support	182	0	0	0	0	0	0	0	NA	NA	NA	NA	NA
Bmo_CPR159	CPR159	Bmo	Bombyx mori	CPR RR-2	0.0	None	0.0	None	0.0	0.0	no_confident_CPAP_hit	low	no_confident_hit	no_ChtBD2_support	121	0	0	0	0	0	0	0	NA	NA	NA	NA	NA
Bmo_CPR16	CPR16	Bmo	Bombyx mori	CPR RR-1	0.0	None	0.0	None	0.0	0.0	no_confident_CPAP_hit	low	no_confident_hit	no_ChtBD2_support	166	0	0	0	0	0	0	0	NA	NA	NA	NA	NA
Bmo_CPR160	CPR160	Bmo	Bombyx mori	CPR RR-2	0.0	None	0.0	None	0.0	0.0	no_confident_CPAP_hit	low	no_confident_hit	no_ChtBD2_support	225	1	0	0	0	0	0	0	NA	NA	NA	NA	NA
Bmo_CPR161	CPR161	Bmo	Bombyx mori	CPR RR-2	0.0	None	0.0	None	0.0	0.0	no_confident_CPAP_hit	low	no_confident_hit	no_ChtBD2_support	248	1	0	0	0	0	0	0	NA	NA	NA	NA	NA
Bmo_CPR162	CPR162	Bmo	Bombyx mori	CPR RR-3	0.0	None	0.0	None	0.0	0.0	no_confident_CPAP_hit	low	no_confident_hit	no_ChtBD2_support	184	2	0	0	0	0	0	0	NA	NA	NA	NA	NA
Bmo_CPR17	CPR17	Bmo	Bombyx mori	CPR RR-1	0.0	None	0.0	None	0.0	0.0	no_confident_CPAP_hit	low	no_confident_hit	no_ChtBD2_support	168	0	0	0	0	0	0	0	NA	NA	NA	NA	NA
Bmo_CPR18	CPR18	Bmo	Bombyx mori	CPR RR-1	0.0	None	0.0	None	0.0	0.0	no_confident_CPAP_hit	low	no_confident_hit	no_ChtBD2_support	211	0	0	0	0	0	0	0	NA	NA	NA	NA	NA
Bmo_CPR19	CPR19	Bmo	Bombyx mori	CPR RR-1	0.0	None	0.0	None	0.0	0.0	no_confident_CPAP_hit	low	no_confident_hit	no_ChtBD2_support	181	1	0	0	0	0	0	0	NA	NA	NA	NA	NA
Bmo_CPR2	CPR2	Bmo	Bombyx mori	CPR RR-1	0.0	None	0.0	None	0.0	0.0	no_confident_CPAP_hit	low	no_confident_hit	no_ChtBD2_support	143	1	0	0	0	0	0	0	NA	NA	NA	NA	NA
Bmo_CPR20	CPR20	Bmo	Bombyx mori	CPR RR-1	0.0	None	0.0	None	0.0	0.0	no_confident_CPAP_hit	low	no_confident_hit	no_ChtBD2_support	925	0	0	0	0	0	0	0	NA	NA	NA	NA	NA
Bmo_CPR21	CPR21	Bmo	Bombyx mori	CPR RR-1	0.0	None	0.0	None	0.0	0.0	no_confident_CPAP_hit	low	no_confident_hit	no_ChtBD2_support	320	0	0	0	0	0	0	0	NA	NA	NA	NA	NA
Bmo_CPR22	CPR22	Bmo	Bombyx mori	CPR RR-1	0.0	None	0.0	None	0.0	0.0	no_confident_CPAP_hit	low	no_confident_hit	no_ChtBD2_support	563	3	0	0	0	0	0	0	NA	NA	NA	NA	NA
Bmo_CPR23	CPR23	Bmo	Bombyx mori	CPR RR-1	0.0	None	0.0	None	0.0	0.0	no_confident_CPAP_hit	low	no_confident_hit	no_ChtBD2_support	104	2	0	0	0	0	0	0	NA	NA	NA	NA	NA
Bmo_CPR24	CPR24	Bmo	Bombyx mori	CPR RR-1	0.0	None	0.0	None	0.0	0.0	no_confident_CPAP_hit	low	no_confident_hit	no_ChtBD2_support	115	1	0	0	0	0	0	0	NA	NA	NA	NA	NA
Bmo_CPR25	CPR25	Bmo	Bombyx mori	CPR RR-1	0.0	None	0.0	None	0.0	0.0	no_confident_CPAP_hit	low	no_confident_hit	no_ChtBD2_support	105	1	0	0	0	0	0	0	NA	NA	NA	NA	NA
Bmo_CPR26	CPR26	Bmo	Bombyx mori	CPR RR-1	0.0	None	0.0	None	0.0	0.0	no_confident_CPAP_hit	low	no_confident_hit	no_ChtBD2_support	118	0	0	0	0	0	0	0	NA	NA	NA	NA	NA
Bmo_CPR27	CPR27	Bmo	Bombyx mori	CPR RR-1	0.0	None	0.0	None	0.0	0.0	no_confident_CPAP_hit	low	no_confident_hit	no_ChtBD2_support	114	1	0	0	0	0	0	0	NA	NA	NA	NA	NA
Bmo_CPR28	CPR28	Bmo	Bombyx mori	CPR RR-1	0.0	None	0.0	None	0.0	0.0	no_confident_CPAP_hit	low	no_confident_hit	no_ChtBD2_support	114	1	0	0	0	0	0	0	NA	NA	NA	NA	NA
Bmo_CPR29	CPR29	Bmo	Bombyx mori	CPR RR-1	0.0	None	0.0	None	0.0	0.0	no_confident_CPAP_hit	low	no_confident_hit	no_ChtBD2_support	118	1	0	0	0	0	0	0	NA	NA	NA	NA	NA
Bmo_CPR3	CPR3	Bmo	Bombyx mori	CPR RR-1	0.0	None	0.0	None	0.0	0.0	no_confident_CPAP_hit	low	no_confident_hit	no_ChtBD2_support	137	0	0	0	0	0	0	0	NA	NA	NA	NA	NA
Bmo_CPR30	CPR30	Bmo	Bombyx mori	CPR RR-1	0.0	None	0.0	None	0.0	0.0	no_confident_CPAP_hit	low	no_confident_hit	no_ChtBD2_support	115	0	0	0	0	0	0	0	NA	NA	NA	NA	NA
Bmo_CPR31	CPR31	Bmo	Bombyx mori	CPR RR-1	0.0	None	0.0	None	0.0	0.0	no_confident_CPAP_hit	low	no_confident_hit	no_ChtBD2_support	123	0	0	0	0	0	0	0	NA	NA	NA	NA	NA
Bmo_CPR32	CPR32	Bmo	Bombyx mori	CPR RR-1	0.0	None	0.0	None	0.0	0.0	no_confident_CPAP_hit	low	no_confident_hit	no_ChtBD2_support	154	1	0	0	0	0	0	0	NA	NA	NA	NA	NA
Bmo_CPR33	CPR33	Bmo	Bombyx mori	CPR RR-1	0.0	None	0.0	None	0.0	0.0	no_confident_CPAP_hit	low	no_confident_hit	no_ChtBD2_support	152	1	0	0	0	0	0	0	NA	NA	NA	NA	NA
Bmo_CPR34	CPR34	Bmo	Bombyx mori	CPR RR-1	0.0	None	0.0	None	0.0	0.0	no_confident_CPAP_hit	low	no_confident_hit	no_ChtBD2_support	207	0	0	0	0	0	0	0	NA	NA	NA	NA	NA
Bmo_CPR35	CPR35	Bmo	Bombyx mori	CPR RR-1	0.0	None	0.0	None	0.0	0.0	no_confident_CPAP_hit	low	no_confident_hit	no_ChtBD2_support	511	0	0	0	0	0	0	0	NA	NA	NA	NA	NA
Bmo_CPR36	CPR36	Bmo	Bombyx mori	CPR RR-1	0.0	None	0.0	None	0.0	0.0	no_confident_CPAP_hit	low	no_confident_hit	no_ChtBD2_support	303	1	0	0	0	0	0	0	NA	NA	NA	NA	NA
Bmo_CPR37	CPR37	Bmo	Bombyx mori	CPR RR-1	0.0	None	0.0	None	0.0	0.0	no_confident_CPAP_hit	low	no_confident_hit	no_ChtBD2_support	136	0	0	0	0	0	0	0	NA	NA	NA	NA	NA
Bmo_CPR38	CPR38	Bmo	Bombyx mori	CPR RR-1	0.0	None	0.0	None	0.0	0.0	no_confident_CPAP_hit	low	no_confident_hit	no_ChtBD2_support	174	1	0	0	0	0	0	0	NA	NA	NA	NA	NA
Bmo_CPR39	CPR39	Bmo	Bombyx mori	CPR RR-1	0.0	None	0.0	None	0.0	0.0	no_confident_CPAP_hit	low	no_confident_hit	no_ChtBD2_support	166	0	0	0	0	0	0	0	NA	NA	NA	NA	NA
Bmo_CPR40	CPR40	Bmo	Bombyx mori	CPR RR-1	0.0	None	0.0	None	0.0	0.0	no_confident_CPAP_hit	low	no_confident_hit	no_ChtBD2_support	213	1	0	0	0	0	0	0	NA	NA	NA	NA	NA
Bmo_CPR41	CPR41	Bmo	Bombyx mori	CPR RR-1	0.0	None	0.0	None	0.0	0.0	no_confident_CPAP_hit	low	no_confident_hit	no_ChtBD2_support	239	1	0	0	0	0	0	0	NA	NA	NA	NA	NA
Bmo_CPR42	CPR42	Bmo	Bombyx mori	CPR RR-1	0.0	None	0.0	None	0.0	0.0	no_confident_CPAP_hit	low	no_confident_hit	no_ChtBD2_support	159	2	0	0	0	0	0	0	NA	NA	NA	NA	NA
Bmo_CPR43	CPR43	Bmo	Bombyx mori	CPR RR-1	0.0	None	0.0	None	0.0	0.0	no_confident_CPAP_hit	low	no_confident_hit	no_ChtBD2_support	131	0	0	0	0	0	0	0	NA	NA	NA	NA	NA
Bmo_CPR44	CPR44	Bmo	Bombyx mori	CPR RR-1	0.0	None	0.0	None	0.0	0.0	no_confident_CPAP_hit	low	no_confident_hit	no_ChtBD2_support	131	0	0	0	0	0	0	0	NA	NA	NA	NA	NA
Bmo_CPR45	CPR45	Bmo	Bombyx mori	CPR RR-1	0.0	None	0.0	None	0.0	0.0	no_confident_CPAP_hit	low	no_confident_hit	no_ChtBD2_support	174	0	0	0	0	0	0	0	NA	NA	NA	NA	NA
Bmo_CPR46	CPR46	Bmo	Bombyx mori	CPR RR-1	0.0	None	0.0	None	0.0	0.0	no_confident_CPAP_hit	low	no_confident_hit	no_ChtBD2_support	114	0	0	0	0	0	0	0	NA	NA	NA	NA	NA
Bmo_CPR47	CPR47	Bmo	Bombyx mori	CPR RR-1	0.0	None	0.0	None	0.0	0.0	no_confident_CPAP_hit	low	no_confident_hit	no_ChtBD2_support	500	2	0	0	0	0	0	0	NA	NA	NA	NA	NA
Bmo_CPR48	CPR48	Bmo	Bombyx mori	CPR RR-1	0.0	None	0.0	None	0.0	0.0	no_confident_CPAP_hit	low	no_confident_hit	no_ChtBD2_support	260	2	0	0	0	0	0	0	NA	NA	NA	NA	NA
Bmo_CPR49	CPR49	Bmo	Bombyx mori	CPR RR-1	0.0	None	0.0	None	0.0	0.0	no_confident_CPAP_hit	low	no_confident_hit	no_ChtBD2_support	115	0	0	0	0	0	0	0	NA	NA	NA	NA	NA
Bmo_CPR5	CPR5	Bmo	Bombyx mori	CPR RR-1	0.0	None	0.0	None	0.0	0.0	no_confident_CPAP_hit	low	no_confident_hit	no_ChtBD2_support	109	1	0	0	0	0	0	0	NA	NA	NA	NA	NA
Bmo_CPR50	CPR50	Bmo	Bombyx mori	CPR RR-1	0.0	None	0.0	None	0.0	0.0	no_confident_CPAP_hit	low	no_confident_hit	no_ChtBD2_support	107	1	0	0	0	0	0	0	NA	NA	NA	NA	NA
Bmo_CPR51	CPR51	Bmo	Bombyx mori	CPR RR-1	0.0	None	0.0	None	0.0	0.0	no_confident_CPAP_hit	low	no_confident_hit	no_ChtBD2_support	123	1	0	0	0	0	0	0	NA	NA	NA	NA	NA
Bmo_CPR52	CPR52	Bmo	Bombyx mori	CPR RR-1	0.0	None	0.0	None	0.0	0.0	no_confident_CPAP_hit	low	no_confident_hit	no_ChtBD2_support	173	0	0	0	0	0	0	0	NA	NA	NA	NA	NA
Bmo_CPR53	CPR53	Bmo	Bombyx mori	CPR RR-1	0.0	None	0.0	None	0.0	0.0	no_confident_CPAP_hit	low	no_confident_hit	no_ChtBD2_support	246	2	0	0	0	0	0	0	NA	NA	NA	NA	NA
Bmo_CPR54	CPR54	Bmo	Bombyx mori	CPR RR-1	0.0	None	0.0	None	0.0	0.0	no_confident_CPAP_hit	low	no_confident_hit	no_ChtBD2_support	315	0	0	0	0	0	0	0	NA	NA	NA	NA	NA
Bmo_CPR55	CPR55	Bmo	Bombyx mori	CPR RR-1	0.0	None	0.0	None	0.0	0.0	no_confident_CPAP_hit	low	no_confident_hit	no_ChtBD2_support	287	1	0	0	0	0	0	0	NA	NA	NA	NA	NA
Bmo_CPR56	CPR56	Bmo	Bombyx mori	CPR RR-1	0.0	None	0.0	None	0.0	0.0	no_confident_CPAP_hit	low	no_confident_hit	no_ChtBD2_support	183	2	0	0	0	0	0	0	NA	NA	NA	NA	NA
Bmo_CPR57	CPR57	Bmo	Bombyx mori	His-rich CPR RR-2	0.0	None	0.0	None	0.0	0.0	no_confident_CPAP_hit	low	no_confident_hit	no_ChtBD2_support	261	1	0	0	0	0	0	0	NA	NA	NA	NA	NA
Bmo_CPR58	CPR58	Bmo	Bombyx mori	CPR RR-2	0.0	None	0.0	None	0.0	0.0	no_confident_CPAP_hit	low	no_confident_hit	no_ChtBD2_support	151	0	0	0	0	0	0	0	NA	NA	NA	NA	NA
Bmo_CPR59	CPR59	Bmo	Bombyx mori	CPR RR-2	0.0	None	0.0	None	0.0	0.0	no_confident_CPAP_hit	low	no_confident_hit	no_ChtBD2_support	203	0	0	0	0	0	0	0	NA	NA	NA	NA	NA
Bmo_CPR6	CPR6	Bmo	Bombyx mori	CPR RR-1	0.0	None	0.0	None	0.0	0.0	no_confident_CPAP_hit	low	no_confident_hit	no_ChtBD2_support	137	2	0	0	0	0	0	0	NA	NA	NA	NA	NA
Bmo_CPR60	CPR60	Bmo	Bombyx mori	CPR RR-2	0.0	None	0.0	None	0.0	0.0	no_confident_CPAP_hit	low	no_confident_hit	no_ChtBD2_support	320	0	0	0	0	0	0	0	NA	NA	NA	NA	NA
Bmo_CPR61	CPR61	Bmo	Bombyx mori	CPR RR-2	0.0	None	0.0	None	0.0	0.0	no_confident_CPAP_hit	low	no_confident_hit	no_ChtBD2_support	252	0	0	0	0	0	0	0	NA	NA	NA	NA	NA
Bmo_CPR62	CPR62	Bmo	Bombyx mori	CPR RR-2	0.0	None	0.0	None	0.0	0.0	no_confident_CPAP_hit	low	no_confident_hit	no_ChtBD2_support	382	0	0	0	0	0	0	0	NA	NA	NA	NA	NA
Bmo_CPR63	CPR63	Bmo	Bombyx mori	CPR RR-2	0.0	None	0.0	None	0.0	0.0	no_confident_CPAP_hit	low	no_confident_hit	no_ChtBD2_support	182	0	0	0	0	0	0	0	NA	NA	NA	NA	NA
Bmo_CPR64	CPR64	Bmo	Bombyx mori	CPR RR-2	0.0	None	0.0	None	0.0	0.0	no_confident_CPAP_hit	low	no_confident_hit	no_ChtBD2_support	125	0	0	0	0	0	0	0	NA	NA	NA	NA	NA
Bmo_CPR65	CPR65	Bmo	Bombyx mori	CPR RR-2	0.0	None	0.0	None	0.0	0.0	no_confident_CPAP_hit	low	no_confident_hit	no_ChtBD2_support	151	1	0	0	0	0	0	0	NA	NA	NA	NA	NA
Bmo_CPR66	CPR66	Bmo	Bombyx mori	CPR RR-2	0.0	None	0.0	None	0.0	0.0	no_confident_CPAP_hit	low	no_confident_hit	no_ChtBD2_support	267	0	0	0	0	0	0	0	NA	NA	NA	NA	NA
Bmo_CPR67	CPR67	Bmo	Bombyx mori	CPR RR-2	0.0	None	0.0	None	0.0	0.0	no_confident_CPAP_hit	low	no_confident_hit	no_ChtBD2_support	178	1	0	0	0	0	0	0	NA	NA	NA	NA	NA
Bmo_CPR69	CPR69	Bmo	Bombyx mori	CPR RR-2	0.0	None	0.0	None	0.0	0.0	no_confident_CPAP_hit	low	no_confident_hit	no_ChtBD2_support	155	1	0	0	0	0	0	0	NA	NA	NA	NA	NA
Bmo_CPR7	CPR7	Bmo	Bombyx mori	CPR RR-1	0.0	None	0.0	None	0.0	0.0	no_confident_CPAP_hit	low	no_confident_hit	no_ChtBD2_support	141	0	0	0	0	0	0	0	NA	NA	NA	NA	NA
Bmo_CPR70	CPR70	Bmo	Bombyx mori	CPR RR-2	0.0	None	0.0	None	0.0	0.0	no_confident_CPAP_hit	low	no_confident_hit	no_ChtBD2_support	194	2	0	0	0	0	0	0	NA	NA	NA	NA	NA
Bmo_CPR71	CPR71	Bmo	Bombyx mori	CPR RR-2	0.0	None	0.0	None	0.0	0.0	no_confident_CPAP_hit	low	no_confident_hit	no_ChtBD2_support	188	1	0	0	0	0	0	0	NA	NA	NA	NA	NA
Bmo_CPR72	CPR72	Bmo	Bombyx mori	CPR RR-2	0.0	None	0.0	None	0.0	0.0	no_confident_CPAP_hit	low	no_confident_hit	no_ChtBD2_support	167	1	0	0	0	0	0	0	NA	NA	NA	NA	NA
Bmo_CPR73	CPR73	Bmo	Bombyx mori	CPR RR-2	0.0	None	0.0	None	0.0	0.0	no_confident_CPAP_hit	low	no_confident_hit	no_ChtBD2_support	148	1	0	0	0	0	0	0	NA	NA	NA	NA	NA
Bmo_CPR74	CPR74	Bmo	Bombyx mori	CPR RR-2	0.0	None	0.0	None	0.0	0.0	no_confident_CPAP_hit	low	no_confident_hit	no_ChtBD2_support	163	3	0	0	0	0	0	0	NA	NA	NA	NA	NA
Bmo_CPR75	CPR75	Bmo	Bombyx mori	CPR RR-2	0.0	None	0.0	None	0.0	0.0	no_confident_CPAP_hit	low	no_confident_hit	no_ChtBD2_support	173	0	0	0	0	0	0	0	NA	NA	NA	NA	NA
Bmo_CPR76	CPR76	Bmo	Bombyx mori	CPR RR-2	0.0	None	0.0	None	0.0	0.0	no_confident_CPAP_hit	low	no_confident_hit	no_ChtBD2_support	187	1	0	0	0	0	0	0	NA	NA	NA	NA	NA
Bmo_CPR77	CPR77	Bmo	Bombyx mori	CPR RR-2	0.0	None	0.0	None	0.0	0.0	no_confident_CPAP_hit	low	no_confident_hit	no_ChtBD2_support	214	1	0	0	0	0	0	0	NA	NA	NA	NA	NA
Bmo_CPR78	CPR78	Bmo	Bombyx mori	CPR RR-2	5.0	1.8	0.0	None	5.0	5.0	no_confident_CPAP_hit	low	no_confident_hit	no_ChtBD2_support	238	2	0	0	0	0	0	0	NA	NA	NA	NA	NA
Bmo_CPR79	CPR79	Bmo	Bombyx mori	CPR RR-2	0.0	None	0.0	None	0.0	0.0	no_confident_CPAP_hit	low	no_confident_hit	no_ChtBD2_support	460	1	0	0	0	0	0	0	NA	NA	NA	NA	NA
Bmo_CPR8	CPR8	Bmo	Bombyx mori	CPR	0.0	None	0.0	None	0.0	0.0	no_confident_CPAP_hit	low	no_confident_hit	no_ChtBD2_support	167	0	0	0	0	0	0	0	NA	NA	NA	NA	NA
Bmo_CPR80	CPR80	Bmo	Bombyx mori	CPR RR-2	0.0	None	0.0	None	0.0	0.0	no_confident_CPAP_hit	low	no_confident_hit	no_ChtBD2_support	196	2	0	0	0	0	0	0	NA	NA	NA	NA	NA
Bmo_CPR81	CPR81	Bmo	Bombyx mori	CPR RR-2	0.0	None	0.0	None	0.0	0.0	no_confident_CPAP_hit	low	no_confident_hit	no_ChtBD2_support	204	1	0	0	0	0	0	0	NA	NA	NA	NA	NA
Bmo_CPR82	CPR82	Bmo	Bombyx mori	His-rich CPR RR-2	0.0	None	0.0	None	0.0	0.0	no_confident_CPAP_hit	low	no_confident_hit	no_ChtBD2_support	152	1	0	0	0	0	0	0	NA	NA	NA	NA	NA
Bmo_CPR83	CPR83	Bmo	Bombyx mori	CPR RR-2	0.0	None	0.0	None	0.0	0.0	no_confident_CPAP_hit	low	no_confident_hit	no_ChtBD2_support	197	0	0	0	0	0	0	0	NA	NA	NA	NA	NA
Bmo_CPR84	CPR84	Bmo	Bombyx mori	CPR RR-2	0.0	None	0.0	None	0.0	0.0	no_confident_CPAP_hit	low	no_confident_hit	no_ChtBD2_support	203	1	0	0	0	0	0	0	NA	NA	NA	NA	NA
Bmo_CPR85	CPR85	Bmo	Bombyx mori	CPR RR-2	0.0	None	0.0	None	0.0	0.0	no_confident_CPAP_hit	low	no_confident_hit	no_ChtBD2_support	148	0	0	0	0	0	0	0	NA	NA	NA	NA	NA
Bmo_CPR86	CPR86	Bmo	Bombyx mori	CPR RR-2	0.0	None	0.0	None	0.0	0.0	no_confident_CPAP_hit	low	no_confident_hit	no_ChtBD2_support	163	0	0	0	0	0	0	0	NA	NA	NA	NA	NA
Bmo_CPR87	CPR87	Bmo	Bombyx mori	CPR RR-2	0.0	None	0.0	None	0.0	0.0	no_confident_CPAP_hit	low	no_confident_hit	no_ChtBD2_support	162	0	0	0	0	0	0	0	NA	NA	NA	NA	NA
Bmo_CPR88	CPR88	Bmo	Bombyx mori	CPR RR-2	0.0	None	0.0	None	0.0	0.0	no_confident_CPAP_hit	low	no_confident_hit	no_ChtBD2_support	161	0	0	0	0	0	0	0	NA	NA	NA	NA	NA
Bmo_CPR89	CPR89	Bmo	Bombyx mori	CPR RR-2	0.0	None	0.0	None	0.0	0.0	no_confident_CPAP_hit	low	no_confident_hit	no_ChtBD2_support	162	0	0	0	0	0	0	0	NA	NA	NA	NA	NA
Bmo_CPR9	CPR9	Bmo	Bombyx mori	CPR RR-1	0.0	None	0.0	None	0.0	0.0	no_confident_CPAP_hit	low	no_confident_hit	no_ChtBD2_support	232	1	0	0	0	0	0	0	NA	NA	NA	NA	NA
Bmo_CPR90	CPR90	Bmo	Bombyx mori	CPR RR-2	0.0	None	0.0	None	0.0	0.0	no_confident_CPAP_hit	low	no_confident_hit	no_ChtBD2_support	408	5	0	0	0	0	0	0	NA	NA	NA	NA	NA
Bmo_CPR91	CPR91	Bmo	Bombyx mori	CPR	0.0	None	0.0	None	0.0	0.0	no_confident_CPAP_hit	low	no_confident_hit	no_ChtBD2_support	134	0	0	0	0	0	0	0	NA	NA	NA	NA	NA
Bmo_CPR92	CPR92	Bmo	Bombyx mori	CPR RR-2	0.0	None	0.0	None	0.0	0.0	no_confident_CPAP_hit	low	no_confident_hit	no_ChtBD2_support	297	2	0	0	0	0	0	0	NA	NA	NA	NA	NA
Bmo_CPR93	CPR93	Bmo	Bombyx mori	CPR RR-2	0.0	None	0.0	None	0.0	0.0	no_confident_CPAP_hit	low	no_confident_hit	no_ChtBD2_support	243	1	0	0	0	0	0	0	NA	NA	NA	NA	NA
Bmo_CPR94	CPR94	Bmo	Bombyx mori	CPR RR-2	0.0	None	0.0	None	0.0	0.0	no_confident_CPAP_hit	low	no_confident_hit	no_ChtBD2_support	283	1	0	0	0	0	0	0	NA	NA	NA	NA	NA
Bmo_CPR95	CPR95	Bmo	Bombyx mori	CPR RR-2	0.0	None	0.0	None	0.0	0.0	no_confident_CPAP_hit	low	no_confident_hit	no_ChtBD2_support	232	1	0	0	0	0	0	0	NA	NA	NA	NA	NA
Bmo_CPR96	CPR96	Bmo	Bombyx mori	CPR RR-2	0.0	None	0.0	None	0.0	0.0	no_confident_CPAP_hit	low	no_confident_hit	no_ChtBD2_support	166	1	0	0	0	0	0	0	NA	NA	NA	NA	NA
Bmo_CPR97	CPR97	Bmo	Bombyx mori	CPR RR-2	0.0	None	0.0	None	0.0	0.0	no_confident_CPAP_hit	low	no_confident_hit	no_ChtBD2_support	181	1	0	0	0	0	0	0	NA	NA	NA	NA	NA
Bmo_CPR98	CPR98	Bmo	Bombyx mori	CPR RR-2	0.0	None	0.0	None	0.0	0.0	no_confident_CPAP_hit	low	no_confident_hit	no_ChtBD2_support	248	1	0	0	0	0	0	0	NA	NA	NA	NA	NA
Bmo_CPR99	CPR99	Bmo	Bombyx mori	CPR RR-2	0.0	None	0.0	None	0.0	0.0	no_confident_CPAP_hit	low	no_confident_hit	no_ChtBD2_support	248	1	0	0	0	0	0	0	NA	NA	NA	NA	NA
Bmo_CPT1	CPT1	Bmo	Bombyx mori	CPT	0.0	None	0.0	None	0.0	0.0	no_confident_CPAP_hit	low	no_confident_hit	no_ChtBD2_support	476	0	0	0	0	0	0	0	NA	NA	NA	NA	NA
Bmo_CPT2	CPT2	Bmo	Bombyx mori	CPT	0.0	None	0.0	None	0.0	0.0	no_confident_CPAP_hit	low	no_confident_hit	no_ChtBD2_support	309	1	0	0	0	0	0	0	NA	NA	NA	NA	NA
Bmo_CPT3	CPT3	Bmo	Bombyx mori	CPT	0.0	None	0.0	None	0.0	0.0	no_confident_CPAP_hit	low	no_confident_hit	no_ChtBD2_support	318	0	0	0	0	0	0	0	NA	NA	NA	NA	NA
Bmo_CPT4	CPT4	Bmo	Bombyx mori	CPT	0.0	None	0.0	None	0.0	0.0	no_confident_CPAP_hit	low	no_confident_hit	no_ChtBD2_support	184	2	0	0	0	0	0	0	NA	NA	NA	NA	NA
Bmo_GRP1	GRP1	Bmo	Bombyx mori	CPT	0.0	None	0.0	None	0.0	0.0	no_confident_CPAP_hit	low	no_confident_hit	no_ChtBD2_support	309	1	0	0	0	0	0	0	NA	NA	NA	NA	NA
Bmo_GRP2	GRP2	Bmo	Bombyx mori	CPG	0.0	None	0.0	None	0.0	0.0	no_confident_CPAP_hit	low	no_confident_hit	no_ChtBD2_support	318	1	0	0	0	0	0	0	NA	NA	NA	NA	NA
Bmo_GRP3	GRP3	Bmo	Bombyx mori	CPG	0.0	None	0.0	None	0.0	0.0	no_confident_CPAP_hit	low	no_confident_hit	no_ChtBD2_support	359	0	0	0	0	0	0	0	NA	NA	NA	NA	NA
Bmo_LCP18	LCP18	Bmo	Bombyx mori	CPR RR-1	0.0	None	0.0	None	0.0	0.0	no_confident_CPAP_hit	low	no_confident_hit	no_ChtBD2_support	105	0	0	0	0	0	0	0	NA	NA	NA	NA	NA
Bmo_PCP	PCP	Bmo	Bombyx mori	low complexity	0.0	None	0.0	None	0.0	0.0	no_confident_CPAP_hit	low	no_confident_hit	no_ChtBD2_support	253	2	0	0	0	0	0	0	NA	NA	NA	NA	NA
Bmo_Resilin	Resilin	Bmo	Bombyx mori	CPR RR-2	0.0	None	0.0	None	0.0	0.0	no_confident_CPAP_hit	low	no_confident_hit	no_ChtBD2_support	485	1	0	0	0	0	0	0	NA	NA	NA	NA	NA
Bmo_WCP10	WCP10	Bmo	Bombyx mori	CPR RR-1	0.0	None	0.0	None	0.0	0.0	no_confident_CPAP_hit	low	no_confident_hit	no_ChtBD2_support	311	0	0	0	0	0	0	0	NA	NA	NA	NA	NA
Bmo_WCP2	WCP2	Bmo	Bombyx mori	CPR RR-2	0.0	None	0.0	None	0.0	0.0	no_confident_CPAP_hit	low	no_confident_hit	no_ChtBD2_support	248	1	0	0	0	0	0	0	NA	NA	NA	NA	NA
Bmo_WCP5	WCP5	Bmo	Bombyx mori	CPR RR-2	0.0	None	0.0	None	0.0	0.0	no_confident_CPAP_hit	low	no_confident_hit	no_ChtBD2_support	291	2	0	0	0	0	0	0	NA	NA	NA	NA	NA
Bta_CP83	CP83	Bta	Bemisia tabaci	CPR RR-2	0.0	None	0.0	None	0.0	0.0	no_confident_CPAP_hit	low	no_confident_hit	no_ChtBD2_support	158	2	0	0	0	0	0	0	NA	NA	NA	NA	NA
Bta_CP9	CP9	Bta	Bemisia tabaci	CPR RR-1	0.0	None	0.0	None	0.0	0.0	no_confident_CPAP_hit	low	no_confident_hit	no_ChtBD2_support	277	7	0	0	0	0	0	0	199	187	92,26,93,30,1	14	261
Cfe_CL1207.Contig1-RR1	CL1207.Contig1-RR1	Cfe	Cryptolestes ferrugineus	CPR RR-1	0.0	None	0.0	None	0.0	0.0	no_confident_CPAP_hit	low	no_confident_hit	no_ChtBD2_support	341	1	0	0	0	0	0	0	NA	NA	NA	NA	NA
Cfe_CL1548.Contig1-Tweedle	CL1548.Contig1-Tweedle	Cfe	Cryptolestes ferrugineus	Tweedle	0.0	None	0.0	None	0.0	0.0	no_confident_CPAP_hit	low	no_confident_hit	no_ChtBD2_support	225	1	0	0	0	0	0	0	NA	NA	NA	NA	NA
Cfe_CL1789.Contig1-RR2	CL1789.Contig1-RR2	Cfe	Cryptolestes ferrugineus	CPR RR-2	0.0	None	0.0	None	0.0	0.0	no_confident_CPAP_hit	low	no_confident_hit	no_ChtBD2_support	190	0	0	0	0	0	0	0	NA	NA	NA	NA	NA
Cfe_CL1797.Contig1-RR1	CL1797.Contig1-RR1	Cfe	Cryptolestes ferrugineus	CPR RR-1	0.0	None	0.0	None	0.0	0.0	no_confident_CPAP_hit	low	no_confident_hit	no_ChtBD2_support	272	3	0	0	0	0	0	0	NA	NA	NA	NA	NA
Cfe_CL1797.Contig2-RR1	CL1797.Contig2-RR1	Cfe	Cryptolestes ferrugineus	CPR RR-1	0.0	None	0.0	None	0.0	0.0	no_confident_CPAP_hit	low	no_confident_hit	no_ChtBD2_support	233	3	0	0	0	0	0	0	NA	NA	NA	NA	NA
Cfe_CL1797.Contig3-RR1	CL1797.Contig3-RR1	Cfe	Cryptolestes ferrugineus	CPR RR-1	0.0	None	0.0	None	0.0	0.0	no_confident_CPAP_hit	low	no_confident_hit	no_ChtBD2_support	279	3	0	0	0	0	0	0	NA	NA	NA	NA	NA
Cfe_CL1911.Contig2-RR2	CL1911.Contig2-RR2	Cfe	Cryptolestes ferrugineus	CPR RR-2	0.0	None	0.0	None	0.0	0.0	no_confident_CPAP_hit	low	no_confident_hit	no_ChtBD2_support	172	0	0	0	0	0	0	0	NA	NA	NA	NA	NA
Cfe_CL1950.Contig1-CPRNC	CL1950.Contig1-CPRNC	Cfe	Cryptolestes ferrugineus	CPR	0.0	None	0.0	None	0.0	0.0	no_confident_CPAP_hit	low	no_confident_hit	no_ChtBD2_support	183	0	0	0	0	0	0	0	NA	NA	NA	NA	NA
Cfe_CL2407.Contig1-RR1	CL2407.Contig1-RR1	Cfe	Cryptolestes ferrugineus	CPR RR-1	0.0	None	0.0	None	0.0	0.0	no_confident_CPAP_hit	low	no_confident_hit	no_ChtBD2_support	207	1	0	0	0	0	0	0	NA	NA	NA	NA	NA
Cfe_CL2972.Contig2-CPRNC	CL2972.Contig2-CPRNC	Cfe	Cryptolestes ferrugineus	CPR	0.0	None	0.0	None	0.0	0.0	no_confident_CPAP_hit	low	no_confident_hit	no_ChtBD2_support	387	2	0	0	0	0	0	0	NA	NA	NA	NA	NA
Cfe_CL3005.Contig2-RR2	CL3005.Contig2-RR2	Cfe	Cryptolestes ferrugineus	CPR RR-2	0.0	None	0.0	None	0.0	0.0	no_confident_CPAP_hit	low	no_confident_hit	no_ChtBD2_support	173	0	0	0	0	0	0	0	NA	NA	NA	NA	NA
Cfe_CL3377.Contig1-RR2	CL3377.Contig1-RR2	Cfe	Cryptolestes ferrugineus	CPR RR-2	0.0	None	0.0	None	0.0	0.0	no_confident_CPAP_hit	low	no_confident_hit	no_ChtBD2_support	138	0	0	0	0	0	0	0	NA	NA	NA	NA	NA
Cfe_CL3437.Contig1-CPLCP	CL3437.Contig1-CPLCP	Cfe	Cryptolestes ferrugineus	CPLCP	0.0	None	0.0	None	0.0	0.0	no_confident_CPAP_hit	low	no_confident_hit	no_ChtBD2_support	498	0	0	0	0	0	0	0	NA	NA	NA	NA	NA
Cfe_CL3825.Contig1-Tweedle	CL3825.Contig1-Tweedle	Cfe	Cryptolestes ferrugineus	Tweedle	0.0	None	0.0	None	0.0	0.0	no_confident_CPAP_hit	low	no_confident_hit	no_ChtBD2_support	297	0	0	0	0	0	0	0	NA	NA	NA	NA	NA
Cfe_CL4305.Contig1-CPLCP	CL4305.Contig1-CPLCP	Cfe	Cryptolestes ferrugineus	CPLCP	0.0	None	0.0	None	0.0	0.0	no_confident_CPAP_hit	low	no_confident_hit	no_ChtBD2_support	312	2	0	0	0	0	0	0	NA	NA	NA	NA	NA
Cfe_CL4537.Contig1-RR1	CL4537.Contig1-RR1	Cfe	Cryptolestes ferrugineus	CPR RR-1	0.0	None	0.0	None	0.0	0.0	no_confident_CPAP_hit	low	no_confident_hit	no_ChtBD2_support	250	2	0	0	0	0	0	0	NA	NA	NA	NA	NA
Cfe_CL4553.Contig2-RR2	CL4553.Contig2-RR2	Cfe	Cryptolestes ferrugineus	CPR RR-2	0.0	None	0.0	None	0.0	0.0	no_confident_CPAP_hit	low	no_confident_hit	no_ChtBD2_support	183	1	0	0	0	0	0	0	NA	NA	NA	NA	NA
Cfe_CL4803.Contig1-CPLCP	CL4803.Contig1-CPLCP	Cfe	Cryptolestes ferrugineus	CPLCP	0.0	None	0.0	None	0.0	0.0	no_confident_CPAP_hit	low	no_confident_hit	no_ChtBD2_support	614	0	0	0	0	0	0	0	NA	NA	NA	NA	NA
Cfe_CL5048.Contig2-CPCFC	CL5048.Contig2-CPCFC	Cfe	Cryptolestes ferrugineus	CPCFC	0.0	None	0.0	None	0.0	0.0	no_confident_CPAP_hit	low	no_confident_hit	no_ChtBD2_support	196	5	0	0	0	0	0	0	NA	NA	NA	NA	NA
Cfe_CL5060.Contig1-RR2	CL5060.Contig1-RR2	Cfe	Cryptolestes ferrugineus	CPR RR-2	0.0	None	0.0	None	0.0	0.0	no_confident_CPAP_hit	low	no_confident_hit	no_ChtBD2_support	140	1	0	0	0	0	0	0	NA	NA	NA	NA	NA
Cfe_CL5122.Contig1-CPRNC	CL5122.Contig1-CPRNC	Cfe	Cryptolestes ferrugineus	CPR	0.0	None	0.0	None	0.0	0.0	no_confident_CPAP_hit	low	no_confident_hit	no_ChtBD2_support	1067	2	0	0	0	0	0	0	NA	NA	NA	NA	NA
Cfe_CL5161.Contig1-RR2	CL5161.Contig1-RR2	Cfe	Cryptolestes ferrugineus	CPR RR-2	0.0	None	0.0	None	0.0	0.0	no_confident_CPAP_hit	low	no_confident_hit	no_ChtBD2_support	131	2	0	0	0	0	0	0	NA	NA	NA	NA	NA
Cfe_CL5195.Contig1-RR2	CL5195.Contig1-RR2	Cfe	Cryptolestes ferrugineus	CPR RR-2	0.0	None	0.0	None	0.0	0.0	no_confident_CPAP_hit	low	no_confident_hit	no_ChtBD2_support	168	0	0	0	0	0	0	0	NA	NA	NA	NA	NA
Cfe_CL971.Contig1-RR2	CL971.Contig1-RR2	Cfe	Cryptolestes ferrugineus	CPR RR-2	0.0	None	0.0	None	0.0	0.0	no_confident_CPAP_hit	low	no_confident_hit	no_ChtBD2_support	123	0	0	0	0	0	0	0	NA	NA	NA	NA	NA
Cfe_Unigene10128-CPLCA	Unigene10128-CPLCA	Cfe	Cryptolestes ferrugineus	CPLCA	0.0	None	0.0	None	0.0	0.0	no_confident_CPAP_hit	low	no_confident_hit	no_ChtBD2_support	85	0	0	0	0	0	0	0	NA	NA	NA	NA	NA
Cfe_Unigene10568-RR1	Unigene10568-RR1	Cfe	Cryptolestes ferrugineus	CPR RR-1	0.0	None	0.0	None	0.0	0.0	no_confident_CPAP_hit	low	no_confident_hit	no_ChtBD2_support	168	1	0	0	0	0	0	0	NA	NA	NA	NA	NA
Cfe_Unigene10589-RR2	Unigene10589-RR2	Cfe	Cryptolestes ferrugineus	CPR RR-2	0.0	None	0.0	None	0.0	0.0	no_confident_CPAP_hit	low	no_confident_hit	no_ChtBD2_support	128	0	0	0	0	0	0	0	NA	NA	NA	NA	NA
Cfe_Unigene10612-RR2	Unigene10612-RR2	Cfe	Cryptolestes ferrugineus	CPR RR-2	0.0	None	0.0	None	0.0	0.0	no_confident_CPAP_hit	low	no_confident_hit	no_ChtBD2_support	134	1	0	0	0	0	0	0	NA	NA	NA	NA	NA
Cfe_Unigene10719-RR1	Unigene10719-RR1	Cfe	Cryptolestes ferrugineus	CPR RR-1	0.0	None	0.0	None	0.0	0.0	no_confident_CPAP_hit	low	no_confident_hit	no_ChtBD2_support	114	1	0	0	0	0	0	0	NA	NA	NA	NA	NA
Cfe_Unigene10721-CPFL	Unigene10721-CPFL	Cfe	Cryptolestes ferrugineus	CPFL	0.0	None	0.0	None	0.0	0.0	no_confident_CPAP_hit	low	no_confident_hit	no_ChtBD2_support	103	0	0	0	0	0	0	0	NA	NA	NA	NA	NA
Cfe_Unigene11343-RR1	Unigene11343-RR1	Cfe	Cryptolestes ferrugineus	CPR RR-1	0.0	None	0.0	None	0.0	0.0	no_confident_CPAP_hit	low	no_confident_hit	no_ChtBD2_support	106	0	0	0	0	0	0	0	NA	NA	NA	NA	NA
Cfe_Unigene11498-RR1	Unigene11498-RR1	Cfe	Cryptolestes ferrugineus	CPR RR-1	0.0	None	0.0	None	0.0	0.0	no_confident_CPAP_hit	low	no_confident_hit	no_ChtBD2_support	237	1	0	0	0	0	0	0	NA	NA	NA	NA	NA
Cfe_Unigene11532-RR1	Unigene11532-RR1	Cfe	Cryptolestes ferrugineus	CPR RR-1	0.0	None	0.0	None	0.0	0.0	no_confident_CPAP_hit	low	no_confident_hit	no_ChtBD2_support	129	0	0	0	0	0	0	0	NA	NA	NA	NA	NA
Cfe_Unigene11823-RR2	Unigene11823-RR2	Cfe	Cryptolestes ferrugineus	CPR RR-2	0.0	None	0.0	None	0.0	0.0	no_confident_CPAP_hit	low	no_confident_hit	no_ChtBD2_support	199	1	0	0	0	0	0	0	NA	NA	NA	NA	NA
Cfe_Unigene11854-RR1	Unigene11854-RR1	Cfe	Cryptolestes ferrugineus	CPR RR-1	0.0	None	0.0	None	0.0	0.0	no_confident_CPAP_hit	low	no_confident_hit	no_ChtBD2_support	166	0	0	0	0	0	0	0	NA	NA	NA	NA	NA
Cfe_Unigene11944-RR1	Unigene11944-RR1	Cfe	Cryptolestes ferrugineus	CPR RR-1	0.0	None	0.0	None	0.0	0.0	no_confident_CPAP_hit	low	no_confident_hit	no_ChtBD2_support	202	0	0	0	0	0	0	0	NA	NA	NA	NA	NA
Cfe_Unigene11999-RR1	Unigene11999-RR1	Cfe	Cryptolestes ferrugineus	CPR RR-1	0.0	None	0.0	None	0.0	0.0	no_confident_CPAP_hit	low	no_confident_hit	no_ChtBD2_support	131	1	0	0	0	0	0	0	NA	NA	NA	NA	NA
Cfe_Unigene12042-RR2	Unigene12042-RR2	Cfe	Cryptolestes ferrugineus	CPR RR-2	0.0	None	0.0	None	0.0	0.0	no_confident_CPAP_hit	low	no_confident_hit	no_ChtBD2_support	183	0	0	0	0	0	0	0	NA	NA	NA	NA	NA
Cfe_Unigene12487-RR1	Unigene12487-RR1	Cfe	Cryptolestes ferrugineus	CPR RR-1	0.0	None	0.0	None	0.0	0.0	no_confident_CPAP_hit	low	no_confident_hit	no_ChtBD2_support	160	0	0	0	0	0	0	0	NA	NA	NA	NA	NA
Cfe_Unigene12686-RR1	Unigene12686-RR1	Cfe	Cryptolestes ferrugineus	CPR RR-1	0.0	None	0.0	None	0.0	0.0	no_confident_CPAP_hit	low	no_confident_hit	no_ChtBD2_support	137	0	0	0	0	0	0	0	NA	NA	NA	NA	NA
Cfe_Unigene13007-RR1	Unigene13007-RR1	Cfe	Cryptolestes ferrugineus	CPR RR-1	0.0	None	0.0	None	0.0	0.0	no_confident_CPAP_hit	low	no_confident_hit	no_ChtBD2_support	147	0	0	0	0	0	0	0	NA	NA	NA	NA	NA
Cfe_Unigene13195-RR2	Unigene13195-RR2	Cfe	Cryptolestes ferrugineus	CPR RR-2	0.0	None	0.0	None	0.0	0.0	no_confident_CPAP_hit	low	no_confident_hit	no_ChtBD2_support	133	1	0	0	0	0	0	0	NA	NA	NA	NA	NA
Cfe_Unigene13228-RR2	Unigene13228-RR2	Cfe	Cryptolestes ferrugineus	CPR RR-2	0.0	None	0.0	None	0.0	0.0	no_confident_CPAP_hit	low	no_confident_hit	no_ChtBD2_support	145	0	0	0	0	0	0	0	NA	NA	NA	NA	NA
Cfe_Unigene13301-RR1	Unigene13301-RR1	Cfe	Cryptolestes ferrugineus	CPR RR-1	0.0	None	0.0	None	0.0	0.0	no_confident_CPAP_hit	low	no_confident_hit	no_ChtBD2_support	174	0	0	0	0	0	0	0	NA	NA	NA	NA	NA
Cfe_Unigene13309-RR1	Unigene13309-RR1	Cfe	Cryptolestes ferrugineus	CPR RR-1	0.0	None	0.0	None	0.0	0.0	no_confident_CPAP_hit	low	no_confident_hit	no_ChtBD2_support	139	1	0	0	0	0	0	0	NA	NA	NA	NA	NA
Cfe_Unigene13345-RR1	Unigene13345-RR1	Cfe	Cryptolestes ferrugineus	CPR RR-1	0.0	None	0.0	None	0.0	0.0	no_confident_CPAP_hit	low	no_confident_hit	no_ChtBD2_support	220	1	0	0	0	0	0	0	NA	NA	NA	NA	NA
Cfe_Unigene13377-RR2	Unigene13377-RR2	Cfe	Cryptolestes ferrugineus	CPR RR-2	0.0	None	0.0	None	0.0	0.0	no_confident_CPAP_hit	low	no_confident_hit	no_ChtBD2_support	191	2	0	0	0	0	0	0	NA	NA	NA	NA	NA
Cfe_Unigene13485-RR2	Unigene13485-RR2	Cfe	Cryptolestes ferrugineus	CPR RR-2	0.0	None	0.0	None	0.0	0.0	no_confident_CPAP_hit	low	no_confident_hit	no_ChtBD2_support	176	0	0	0	0	0	0	0	NA	NA	NA	NA	NA
Cfe_Unigene13547-RR1	Unigene13547-RR1	Cfe	Cryptolestes ferrugineus	CPR RR-1	0.0	None	0.0	None	0.0	0.0	no_confident_CPAP_hit	low	no_confident_hit	no_ChtBD2_support	197	0	0	0	0	0	0	0	NA	NA	NA	NA	NA
Cfe_Unigene13687-RR2	Unigene13687-RR2	Cfe	Cryptolestes ferrugineus	CPR RR-2	0.0	None	0.0	None	0.0	0.0	no_confident_CPAP_hit	low	no_confident_hit	no_ChtBD2_support	221	0	0	0	0	0	0	0	NA	NA	NA	NA	NA
Cfe_Unigene13921-CPRNC	Unigene13921-CPRNC	Cfe	Cryptolestes ferrugineus	CPR	0.0	None	0.0	None	0.0	0.0	no_confident_CPAP_hit	low	no_confident_hit	no_ChtBD2_support	521	0	0	0	0	0	0	0	NA	NA	NA	NA	NA
Cfe_Unigene13963-CPFL	Unigene13963-CPFL	Cfe	Cryptolestes ferrugineus	CPFL	0.0	None	0.0	None	0.0	0.0	no_confident_CPAP_hit	low	no_confident_hit	no_ChtBD2_support	172	0	0	0	0	0	0	0	NA	NA	NA	NA	NA
Cfe_Unigene13989-RR1	Unigene13989-RR1	Cfe	Cryptolestes ferrugineus	CPR RR-1	0.0	None	0.0	None	0.0	0.0	no_confident_CPAP_hit	low	no_confident_hit	no_ChtBD2_support	242	2	0	0	0	0	0	0	NA	NA	NA	NA	NA
Cfe_Unigene14052-CPRNC	Unigene14052-CPRNC	Cfe	Cryptolestes ferrugineus	CPR	0.0	None	0.0	None	0.0	0.0	no_confident_CPAP_hit	low	no_confident_hit	no_ChtBD2_support	649	3	0	0	0	0	0	0	NA	NA	NA	NA	NA
Cfe_Unigene14114-RR1	Unigene14114-RR1	Cfe	Cryptolestes ferrugineus	CPR RR-1	0.0	None	0.0	None	0.0	0.0	no_confident_CPAP_hit	low	no_confident_hit	no_ChtBD2_support	151	0	0	0	0	0	0	0	NA	NA	NA	NA	NA
Cfe_Unigene14133-RR2	Unigene14133-RR2	Cfe	Cryptolestes ferrugineus	CPR RR-2	0.0	None	0.0	None	0.0	0.0	no_confident_CPAP_hit	low	no_confident_hit	no_ChtBD2_support	171	4	0	0	0	0	0	0	NA	NA	NA	NA	NA
Cfe_Unigene14141-CPRNC	Unigene14141-CPRNC	Cfe	Cryptolestes ferrugineus	CPR	0.0	None	0.0	None	0.0	0.0	no_confident_CPAP_hit	low	no_confident_hit	no_ChtBD2_support	333	1	0	0	0	0	0	0	NA	NA	NA	NA	NA
Cfe_Unigene14189-RR2	Unigene14189-RR2	Cfe	Cryptolestes ferrugineus	CPR RR-2	0.0	None	0.0	None	0.0	0.0	no_confident_CPAP_hit	low	no_confident_hit	no_ChtBD2_support	241	1	0	0	0	0	0	0	NA	NA	NA	NA	NA
Cfe_Unigene14194-RR1	Unigene14194-RR1	Cfe	Cryptolestes ferrugineus	CPR RR-1	0.0	None	0.0	None	0.0	0.0	no_confident_CPAP_hit	low	no_confident_hit	no_ChtBD2_support	106	0	0	0	0	0	0	0	NA	NA	NA	NA	NA
Cfe_Unigene14282-RR2	Unigene14282-RR2	Cfe	Cryptolestes ferrugineus	CPR RR-2	0.0	None	0.0	None	0.0	0.0	no_confident_CPAP_hit	low	no_confident_hit	no_ChtBD2_support	239	0	0	0	0	0	0	0	NA	NA	NA	NA	NA
Cfe_Unigene14429-RR2	Unigene14429-RR2	Cfe	Cryptolestes ferrugineus	CPR RR-2	0.0	None	0.0	None	0.0	0.0	no_confident_CPAP_hit	low	no_confident_hit	no_ChtBD2_support	253	2	0	0	0	0	0	0	NA	NA	NA	NA	NA
Cfe_Unigene14620-RR2	Unigene14620-RR2	Cfe	Cryptolestes ferrugineus	CPR RR-2	0.0	None	0.0	None	0.0	0.0	no_confident_CPAP_hit	low	no_confident_hit	no_ChtBD2_support	357	1	0	0	0	0	0	0	NA	NA	NA	NA	NA
Cfe_Unigene14668-CPRNC	Unigene14668-CPRNC	Cfe	Cryptolestes ferrugineus	CPR	0.0	None	0.0	None	0.0	0.0	no_confident_CPAP_hit	low	no_confident_hit	no_ChtBD2_support	180	0	0	0	0	0	0	0	NA	NA	NA	NA	NA
Cfe_Unigene14806-CPLCP	Unigene14806-CPLCP	Cfe	Cryptolestes ferrugineus	CPLCP	0.0	None	0.0	None	0.0	0.0	no_confident_CPAP_hit	low	no_confident_hit	no_ChtBD2_support	393	2	0	0	0	0	0	0	NA	NA	NA	NA	NA
Cfe_Unigene15011-CPFL	Unigene15011-CPFL	Cfe	Cryptolestes ferrugineus	CPFL	0.0	None	0.0	None	0.0	0.0	no_confident_CPAP_hit	low	no_confident_hit	no_ChtBD2_support	106	1	0	0	0	0	0	0	NA	NA	NA	NA	NA
Cfe_Unigene15156-CPLCP	Unigene15156-CPLCP	Cfe	Cryptolestes ferrugineus	CPLCP	0.0	None	0.0	None	0.0	0.0	no_confident_CPAP_hit	low	no_confident_hit	no_ChtBD2_support	444	1	0	0	0	0	0	0	NA	NA	NA	NA	NA
Cfe_Unigene15232-RR1	Unigene15232-RR1	Cfe	Cryptolestes ferrugineus	CPR RR-1	0.0	None	0.0	None	0.0	0.0	no_confident_CPAP_hit	low	no_confident_hit	no_ChtBD2_support	140	1	0	0	0	0	0	0	NA	NA	NA	NA	NA
Cfe_Unigene15413-RR2	Unigene15413-RR2	Cfe	Cryptolestes ferrugineus	CPR RR-2	0.0	None	0.0	None	0.0	0.0	no_confident_CPAP_hit	low	no_confident_hit	no_ChtBD2_support	172	1	0	0	0	0	0	0	NA	NA	NA	NA	NA
Cfe_Unigene15448-CPRNC	Unigene15448-CPRNC	Cfe	Cryptolestes ferrugineus	CPR	0.0	None	0.0	None	0.0	0.0	no_confident_CPAP_hit	low	no_confident_hit	no_ChtBD2_support	111	2	0	0	0	0	0	0	NA	NA	NA	NA	NA
Cfe_Unigene15453-RR1	Unigene15453-RR1	Cfe	Cryptolestes ferrugineus	CPR RR-1	0.0	None	0.0	None	0.0	0.0	no_confident_CPAP_hit	low	no_confident_hit	no_ChtBD2_support	228	1	0	0	0	0	0	0	NA	NA	NA	NA	NA
Cfe_Unigene15571-RR2	Unigene15571-RR2	Cfe	Cryptolestes ferrugineus	CPR RR-2	0.0	None	0.0	None	0.0	0.0	no_confident_CPAP_hit	low	no_confident_hit	no_ChtBD2_support	360	1	0	0	0	0	0	0	NA	NA	NA	NA	NA
Cfe_Unigene15617-RR1	Unigene15617-RR1	Cfe	Cryptolestes ferrugineus	CPR RR-1	0.0	None	0.0	None	0.0	0.0	no_confident_CPAP_hit	low	no_confident_hit	no_ChtBD2_support	210	1	0	0	0	0	0	0	NA	NA	NA	NA	NA
Cfe_Unigene15710-RR2	Unigene15710-RR2	Cfe	Cryptolestes ferrugineus	CPR RR-2	0.0	None	0.0	None	0.0	0.0	no_confident_CPAP_hit	low	no_confident_hit	no_ChtBD2_support	176	0	0	0	0	0	0	0	NA	NA	NA	NA	NA
Cfe_Unigene15742-RR1	Unigene15742-RR1	Cfe	Cryptolestes ferrugineus	CPR RR-1	0.0	None	0.0	None	0.0	0.0	no_confident_CPAP_hit	low	no_confident_hit	no_ChtBD2_support	155	2	0	0	0	0	0	0	NA	NA	NA	NA	NA
Cfe_Unigene15996-RR2	Unigene15996-RR2	Cfe	Cryptolestes ferrugineus	CPR RR-2	0.0	None	0.0	None	0.0	0.0	no_confident_CPAP_hit	low	no_confident_hit	no_ChtBD2_support	172	0	0	0	0	0	0	0	NA	NA	NA	NA	NA
Cfe_Unigene16129-Tweedle	Unigene16129-Tweedle	Cfe	Cryptolestes ferrugineus	Tweedle	0.0	None	0.0	None	0.0	0.0	no_confident_CPAP_hit	low	no_confident_hit	no_ChtBD2_support	325	0	0	0	0	0	0	0	NA	NA	NA	NA	NA
Cfe_Unigene16334-RR2	Unigene16334-RR2	Cfe	Cryptolestes ferrugineus	CPR RR-2	0.0	None	0.0	None	0.0	0.0	no_confident_CPAP_hit	low	no_confident_hit	no_ChtBD2_support	159	0	0	0	0	0	0	0	NA	NA	NA	NA	NA
Cfe_Unigene16424-RR2	Unigene16424-RR2	Cfe	Cryptolestes ferrugineus	CPR RR-2	0.0	None	0.0	None	0.0	0.0	no_confident_CPAP_hit	low	no_confident_hit	no_ChtBD2_support	429	0	0	0	0	0	0	0	NA	NA	NA	NA	NA
Cfe_Unigene1649-RR2	Unigene1649-RR2	Cfe	Cryptolestes ferrugineus	CPR RR-2	0.0	None	0.0	None	0.0	0.0	no_confident_CPAP_hit	low	no_confident_hit	no_ChtBD2_support	160	0	0	0	0	0	0	0	NA	NA	NA	NA	NA
Cfe_Unigene16757-RR1	Unigene16757-RR1	Cfe	Cryptolestes ferrugineus	CPR RR-1	0.0	None	0.0	None	0.0	0.0	no_confident_CPAP_hit	low	no_confident_hit	no_ChtBD2_support	223	0	0	0	0	0	0	0	NA	NA	NA	NA	NA
Cfe_Unigene16782-RR2	Unigene16782-RR2	Cfe	Cryptolestes ferrugineus	CPR RR-2	0.0	None	0.0	None	0.0	0.0	no_confident_CPAP_hit	low	no_confident_hit	no_ChtBD2_support	356	0	0	0	0	0	0	0	NA	NA	NA	NA	NA
Cfe_Unigene16827-RR2	Unigene16827-RR2	Cfe	Cryptolestes ferrugineus	CPR RR-2	0.0	None	0.0	None	0.0	0.0	no_confident_CPAP_hit	low	no_confident_hit	no_ChtBD2_support	173	0	0	0	0	0	0	0	NA	NA	NA	NA	NA
Cfe_Unigene16986-RR2	Unigene16986-RR2	Cfe	Cryptolestes ferrugineus	CPR RR-2	0.0	None	0.0	None	0.0	0.0	no_confident_CPAP_hit	low	no_confident_hit	no_ChtBD2_support	193	0	0	0	0	0	0	0	NA	NA	NA	NA	NA
Cfe_Unigene17163-CPRNC	Unigene17163-CPRNC	Cfe	Cryptolestes ferrugineus	CPR	0.0	None	0.0	None	0.0	0.0	no_confident_CPAP_hit	low	no_confident_hit	no_ChtBD2_support	739	0	0	0	0	0	0	0	NA	NA	NA	NA	NA
Cfe_Unigene17315-CPCFC	Unigene17315-CPCFC	Cfe	Cryptolestes ferrugineus	CPCFC	0.0	None	0.0	None	0.0	0.0	no_confident_CPAP_hit	low	no_confident_hit	no_ChtBD2_support	199	5	0	0	0	0	0	0	NA	NA	NA	NA	NA
Cfe_Unigene17528-RR2	Unigene17528-RR2	Cfe	Cryptolestes ferrugineus	CPR RR-2	0.0	None	0.0	None	0.0	0.0	no_confident_CPAP_hit	low	no_confident_hit	no_ChtBD2_support	192	1	0	0	0	0	0	0	NA	NA	NA	NA	NA
Cfe_Unigene18018-RR2	Unigene18018-RR2	Cfe	Cryptolestes ferrugineus	CPR RR-2	0.0	None	0.0	None	0.0	0.0	no_confident_CPAP_hit	low	no_confident_hit	no_ChtBD2_support	234	2	0	0	0	0	0	0	NA	NA	NA	NA	NA
Cfe_Unigene18090-RR2	Unigene18090-RR2	Cfe	Cryptolestes ferrugineus	CPR RR-2	0.0	None	0.0	None	0.0	0.0	no_confident_CPAP_hit	low	no_confident_hit	no_ChtBD2_support	403	0	0	0	0	0	0	0	NA	NA	NA	NA	NA
Cfe_Unigene18240-RR2	Unigene18240-RR2	Cfe	Cryptolestes ferrugineus	CPR RR-2	0.0	None	0.0	None	0.0	0.0	no_confident_CPAP_hit	low	no_confident_hit	no_ChtBD2_support	623	1	0	0	0	0	0	0	NA	NA	NA	NA	NA
Cfe_Unigene18393-CPRNC	Unigene18393-CPRNC	Cfe	Cryptolestes ferrugineus	CPR	0.0	None	0.0	None	0.0	0.0	no_confident_CPAP_hit	low	no_confident_hit	no_ChtBD2_support	411	2	0	0	0	0	0	0	NA	NA	NA	NA	NA
Cfe_Unigene18895-RR2	Unigene18895-RR2	Cfe	Cryptolestes ferrugineus	CPR RR-2	0.0	None	0.0	None	0.0	0.0	no_confident_CPAP_hit	low	no_confident_hit	no_ChtBD2_support	463	1	0	0	0	0	0	0	NA	NA	NA	NA	NA
Cfe_Unigene25280-CPRNC	Unigene25280-CPRNC	Cfe	Cryptolestes ferrugineus	CPR	0.0	None	0.0	None	0.0	0.0	no_confident_CPAP_hit	low	no_confident_hit	no_ChtBD2_support	112	0	0	0	0	0	0	0	NA	NA	NA	NA	NA
Cfe_Unigene25969-RR2	Unigene25969-RR2	Cfe	Cryptolestes ferrugineus	CPR RR-2	0.0	None	0.0	None	0.0	0.0	no_confident_CPAP_hit	low	no_confident_hit	no_ChtBD2_support	108	0	0	0	0	0	0	0	NA	NA	NA	NA	NA
Cfe_Unigene362-CPLCG	Unigene362-CPLCG	Cfe	Cryptolestes ferrugineus	CPLCG	0.0	None	0.0	None	0.0	0.0	no_confident_CPAP_hit	low	no_confident_hit	no_ChtBD2_support	113	0	0	0	0	0	0	0	NA	NA	NA	NA	NA
Cfe_Unigene4298-CPRNC	Unigene4298-CPRNC	Cfe	Cryptolestes ferrugineus	CPR	0.0	None	0.0	None	0.0	0.0	no_confident_CPAP_hit	low	no_confident_hit	no_ChtBD2_support	58	0	0	0	0	0	0	0	NA	NA	NA	NA	NA
Cfe_Unigene4338-RR2	Unigene4338-RR2	Cfe	Cryptolestes ferrugineus	CPR RR-2	0.0	None	0.0	None	0.0	0.0	no_confident_CPAP_hit	low	no_confident_hit	no_ChtBD2_support	131	0	0	0	0	0	0	0	NA	NA	NA	NA	NA
Cfe_Unigene5159-RR2	Unigene5159-RR2	Cfe	Cryptolestes ferrugineus	CPR RR-2	0.0	None	0.0	None	0.0	0.0	no_confident_CPAP_hit	low	no_confident_hit	no_ChtBD2_support	228	5	0	0	0	0	0	0	NA	NA	NA	NA	NA
Cfe_Unigene6620-RR1	Unigene6620-RR1	Cfe	Cryptolestes ferrugineus	CPR RR-1	0.0	None	0.0	None	0.0	0.0	no_confident_CPAP_hit	low	no_confident_hit	no_ChtBD2_support	191	1	0	0	0	0	0	0	NA	NA	NA	NA	NA
Cfe_Unigene9017-RR2	Unigene9017-RR2	Cfe	Cryptolestes ferrugineus	CPR RR-2	0.0	None	0.0	None	0.0	0.0	no_confident_CPAP_hit	low	no_confident_hit	no_ChtBD2_support	139	1	0	0	0	0	0	0	NA	NA	NA	NA	NA
Cfe_Unigene9137-RR2	Unigene9137-RR2	Cfe	Cryptolestes ferrugineus	CPR RR-2	0.0	None	0.0	None	0.0	0.0	no_confident_CPAP_hit	low	no_confident_hit	no_ChtBD2_support	113	1	0	0	0	0	0	0	NA	NA	NA	NA	NA
Cfe_Unigene9414-CPRNC	Unigene9414-CPRNC	Cfe	Cryptolestes ferrugineus	CPR	0.0	None	0.0	None	0.0	0.0	no_confident_CPAP_hit	low	no_confident_hit	no_ChtBD2_support	214	0	0	0	0	0	0	0	NA	NA	NA	NA	NA
Cfe_Unigene9627-RR2	Unigene9627-RR2	Cfe	Cryptolestes ferrugineus	CPR RR-2	0.0	None	0.0	None	0.0	0.0	no_confident_CPAP_hit	low	no_confident_hit	no_ChtBD2_support	172	0	0	0	0	0	0	0	NA	NA	NA	NA	NA
Cme_CPG1	CPG1	Cme	Cnaphalocrocis medinalis	CPG	0.0	None	0.0	None	0.0	0.0	no_confident_CPAP_hit	low	no_confident_hit	no_ChtBD2_support	325	3	0	0	0	0	0	0	NA	NA	NA	NA	NA
Cme_CPR20	CPR20	Cme	Cnaphalocrocis medinalis	CPR RR-1	0.0	None	0.0	None	0.0	0.0	no_confident_CPAP_hit	low	no_confident_hit	no_ChtBD2_support	66	0	0	0	0	0	0	0	NA	NA	NA	NA	NA
Cme_Tweedle1	Tweedle1	Cme	Cnaphalocrocis medinalis	CPT	0.0	None	0.0	None	0.0	0.0	no_confident_CPAP_hit	low	no_confident_hit	no_ChtBD2_support	521	0	0	0	0	0	0	0	NA	NA	NA	NA	NA
Cpi_CPLCG5	CPLCG5	Cpi	Culex pipiens	CPLCG	0.0	None	0.0	None	0.0	0.0	no_confident_CPAP_hit	low	no_confident_hit	no_ChtBD2_support	129	0	0	0	0	0	0	0	NA	NA	NA	NA	NA
Cpi_CPR47	CPR47	Cpi	Culex pipiens	CPR RR-2	0.0	None	0.0	None	0.0	0.0	no_confident_CPAP_hit	low	no_confident_hit	no_ChtBD2_support	171	0	0	0	0	0	0	0	NA	NA	NA	NA	NA
Cpi_CPR63	CPR63	Cpi	Culex pipiens	CPR RR-2	0.0	None	0.0	None	0.0	0.0	no_confident_CPAP_hit	low	no_confident_hit	no_ChtBD2_support	110	1	0	0	0	0	0	0	NA	NA	NA	NA	NA
Cpo_CPR100	CPR100	Cpo	Cydia pomonella	CPR RR-2	0.0	None	0.0	None	0.0	0.0	no_confident_CPAP_hit	low	no_confident_hit	no_ChtBD2_support	136	2	0	0	0	0	0	0	NA	NA	NA	NA	NA
Cpo_CPR22	CPR22	Cpo	Cydia pomonella	CPR RR-1	0.0	None	0.0	None	0.0	0.0	no_confident_CPAP_hit	low	no_confident_hit	no_ChtBD2_support	240	0	0	0	0	0	0	0	NA	NA	NA	NA	NA
Cpo_CPR35	CPR35	Cpo	Cydia pomonella	CPR RR-1	0.0	None	0.0	None	0.0	0.0	no_confident_CPAP_hit	low	no_confident_hit	no_ChtBD2_support	759	1	0	0	0	0	0	0	NA	NA	NA	NA	NA
Cpo_CPR67	CPR67	Cpo	Cydia pomonella	CPR RR-2	0.0	None	0.0	None	0.0	0.0	no_confident_CPAP_hit	low	no_confident_hit	no_ChtBD2_support	149	2	0	0	0	0	0	0	NA	NA	NA	NA	NA
Cpo_CPR78	CPR78	Cpo	Cydia pomonella	CPR RR-2	0.0	None	0.0	None	0.0	0.0	no_confident_CPAP_hit	low	no_confident_hit	no_ChtBD2_support	446	1	0	0	0	0	0	0	NA	NA	NA	NA	NA
Cqu_Crus1	Crus1	Cqu	Cherax quadricarinatus	NULL	0.0	None	0.0	None	0.0	0.0	no_confident_CPAP_hit	low	no_confident_hit	no_ChtBD2_support	133	0	0	0	0	0	0	0	NA	NA	NA	NA	NA
Cqu_Crus3	Crus3	Cqu	Cherax quadricarinatus	NULL	0.0	None	0.0	None	0.0	0.0	no_confident_CPAP_hit	low	no_confident_hit	no_ChtBD2_support	134	1	0	0	0	0	0	0	NA	NA	NA	NA	NA
Dan_CPF1	CPF1	Dan	Drosophila ananassae	CPF	0.0	None	0.0	None	0.0	0.0	no_confident_CPAP_hit	low	no_confident_hit	no_ChtBD2_support	173	0	0	0	0	0	0	0	NA	NA	NA	NA	NA
Dan_CPF2	CPF2	Dan	Drosophila ananassae	CPF	0.0	None	0.0	None	0.0	0.0	no_confident_CPAP_hit	low	no_confident_hit	no_ChtBD2_support	284	0	0	0	0	0	0	0	NA	NA	NA	NA	NA
Dan_CPF3	CPF3	Dan	Drosophila ananassae	CPF	0.0	None	0.0	None	0.0	0.0	no_confident_CPAP_hit	low	no_confident_hit	no_ChtBD2_support	198	0	0	0	0	0	0	0	NA	NA	NA	NA	NA
Dan_CPLCG1	CPLCG1	Dan	Drosophila ananassae	CPLCG	0.0	None	0.0	None	0.0	0.0	no_confident_CPAP_hit	low	no_confident_hit	no_ChtBD2_support	136	1	0	0	0	0	0	0	NA	NA	NA	NA	NA
Dan_CPLCG2	CPLCG2	Dan	Drosophila ananassae	CPLCG	0.0	None	0.0	None	0.0	0.0	no_confident_CPAP_hit	low	no_confident_hit	no_ChtBD2_support	144	1	0	0	0	0	0	0	NA	NA	NA	NA	NA
Dan_CPLCG3	CPLCG3	Dan	Drosophila ananassae	CPLCG	0.0	None	0.0	None	0.0	0.0	no_confident_CPAP_hit	low	no_confident_hit	no_ChtBD2_support	133	0	0	0	0	0	0	0	NA	NA	NA	NA	NA
Dan_CPR_Uncharacterized_	CPR_Uncharacterized_	Dan	Drosophila ananassae	CPR	0.0	None	0.0	None	0.0	0.0	no_confident_CPAP_hit	low	no_confident_hit	no_ChtBD2_support	138	1	0	0	0	0	0	0	NA	NA	NA	NA	NA
Dan_CPR_Uncharacterized_1	CPR_Uncharacterized_1	Dan	Drosophila ananassae	CPR	0.0	None	0.0	None	0.0	0.0	no_confident_CPAP_hit	low	no_confident_hit	no_ChtBD2_support	358	1	0	0	0	0	0	0	NA	NA	NA	NA	NA
Dan_CPR_Uncharacterized_10	CPR_Uncharacterized_10	Dan	Drosophila ananassae	CPR	0.0	None	0.0	None	0.0	0.0	no_confident_CPAP_hit	low	no_confident_hit	no_ChtBD2_support	167	0	0	0	0	0	0	0	NA	NA	NA	NA	NA
Dan_CPR_Uncharacterized_100	CPR_Uncharacterized_100	Dan	Drosophila ananassae	CPR	0.0	None	0.0	None	0.0	0.0	no_confident_CPAP_hit	low	no_confident_hit	no_ChtBD2_support	223	1	0	0	0	0	0	0	NA	NA	NA	NA	NA
Dan_CPR_Uncharacterized_101	CPR_Uncharacterized_101	Dan	Drosophila ananassae	CPR	0.0	None	0.0	None	0.0	0.0	no_confident_CPAP_hit	low	no_confident_hit	no_ChtBD2_support	221	0	0	0	0	0	0	0	NA	NA	NA	NA	NA
Dan_CPR_Uncharacterized_102	CPR_Uncharacterized_102	Dan	Drosophila ananassae	CPR	0.0	None	0.0	None	0.0	0.0	no_confident_CPAP_hit	low	no_confident_hit	no_ChtBD2_support	217	0	0	0	0	0	0	0	NA	NA	NA	NA	NA
Dan_CPR_Uncharacterized_103	CPR_Uncharacterized_103	Dan	Drosophila ananassae	CPR	0.0	None	0.0	None	0.0	0.0	no_confident_CPAP_hit	low	no_confident_hit	no_ChtBD2_support	153	0	0	0	0	0	0	0	NA	NA	NA	NA	NA
Dan_CPR_Uncharacterized_104	CPR_Uncharacterized_104	Dan	Drosophila ananassae	CPR	0.0	None	0.0	None	0.0	0.0	no_confident_CPAP_hit	low	no_confident_hit	no_ChtBD2_support	202	1	0	0	0	0	0	0	NA	NA	NA	NA	NA
Dan_CPR_Uncharacterized_105	CPR_Uncharacterized_105	Dan	Drosophila ananassae	CPR	0.0	None	0.0	None	0.0	0.0	no_confident_CPAP_hit	low	no_confident_hit	no_ChtBD2_support	186	0	0	0	0	0	0	0	NA	NA	NA	NA	NA
Dan_CPR_Uncharacterized_107	CPR_Uncharacterized_107	Dan	Drosophila ananassae	CPR	0.0	None	0.0	None	0.0	0.0	no_confident_CPAP_hit	low	no_confident_hit	no_ChtBD2_support	399	0	0	0	0	0	0	0	NA	NA	NA	NA	NA
Dan_CPR_Uncharacterized_108	CPR_Uncharacterized_108	Dan	Drosophila ananassae	CPR	0.0	None	0.0	None	0.0	0.0	no_confident_CPAP_hit	low	no_confident_hit	no_ChtBD2_support	243	0	0	0	0	0	0	0	NA	NA	NA	NA	NA
Dan_CPR_Uncharacterized_11	CPR_Uncharacterized_11	Dan	Drosophila ananassae	CPR	0.0	None	0.0	None	0.0	0.0	no_confident_CPAP_hit	low	no_confident_hit	no_ChtBD2_support	149	1	0	0	0	0	0	0	NA	NA	NA	NA	NA
Dan_CPR_Uncharacterized_12	CPR_Uncharacterized_12	Dan	Drosophila ananassae	CPR	0.0	None	0.0	None	0.0	0.0	no_confident_CPAP_hit	low	no_confident_hit	no_ChtBD2_support	456	2	0	0	0	0	0	0	NA	NA	NA	NA	NA
Dan_CPR_Uncharacterized_13	CPR_Uncharacterized_13	Dan	Drosophila ananassae	CPR	0.0	None	0.0	None	0.0	0.0	no_confident_CPAP_hit	low	no_confident_hit	no_ChtBD2_support	141	0	0	0	0	0	0	0	NA	NA	NA	NA	NA
Dan_CPR_Uncharacterized_14	CPR_Uncharacterized_14	Dan	Drosophila ananassae	CPR	0.0	None	0.0	None	0.0	0.0	no_confident_CPAP_hit	low	no_confident_hit	no_ChtBD2_support	195	0	0	0	0	0	0	0	NA	NA	NA	NA	NA
Dan_CPR_Uncharacterized_15	CPR_Uncharacterized_15	Dan	Drosophila ananassae	CPR	0.0	None	0.0	None	0.0	0.0	no_confident_CPAP_hit	low	no_confident_hit	no_ChtBD2_support	170	1	0	0	0	0	0	0	NA	NA	NA	NA	NA
Dan_CPR_Uncharacterized_16	CPR_Uncharacterized_16	Dan	Drosophila ananassae	CPR	0.0	None	0.0	None	0.0	0.0	no_confident_CPAP_hit	low	no_confident_hit	no_ChtBD2_support	135	2	0	0	0	0	0	0	NA	NA	NA	NA	NA
Dan_CPR_Uncharacterized_17	CPR_Uncharacterized_17	Dan	Drosophila ananassae	CPR	0.0	None	0.0	None	0.0	0.0	no_confident_CPAP_hit	low	no_confident_hit	no_ChtBD2_support	207	1	0	0	0	0	0	0	NA	NA	NA	NA	NA
Dan_CPR_Uncharacterized_18	CPR_Uncharacterized_18	Dan	Drosophila ananassae	CPR	0.0	None	0.0	None	0.0	0.0	no_confident_CPAP_hit	low	no_confident_hit	no_ChtBD2_support	130	0	0	0	0	0	0	0	NA	NA	NA	NA	NA
Dan_CPR_Uncharacterized_19	CPR_Uncharacterized_19	Dan	Drosophila ananassae	CPR	0.0	None	0.0	None	0.0	0.0	no_confident_CPAP_hit	low	no_confident_hit	no_ChtBD2_support	110	1	0	0	0	0	0	0	NA	NA	NA	NA	NA
Dan_CPR_Uncharacterized_2	CPR_Uncharacterized_2	Dan	Drosophila ananassae	CPR	0.0	None	0.0	None	0.0	0.0	no_confident_CPAP_hit	low	no_confident_hit	no_ChtBD2_support	234	0	0	0	0	0	0	0	NA	NA	NA	NA	NA
Dan_CPR_Uncharacterized_20	CPR_Uncharacterized_20	Dan	Drosophila ananassae	CPR	0.0	None	0.0	None	0.0	0.0	no_confident_CPAP_hit	low	no_confident_hit	no_ChtBD2_support	371	2	0	0	0	0	0	0	NA	NA	NA	NA	NA
Dan_CPR_Uncharacterized_21	CPR_Uncharacterized_21	Dan	Drosophila ananassae	CPR	0.0	None	0.0	None	0.0	0.0	no_confident_CPAP_hit	low	no_confident_hit	no_ChtBD2_support	436	0	0	0	0	0	0	0	NA	NA	NA	NA	NA
Dan_CPR_Uncharacterized_22	CPR_Uncharacterized_22	Dan	Drosophila ananassae	CPR	0.0	None	0.0	None	0.0	0.0	no_confident_CPAP_hit	low	no_confident_hit	no_ChtBD2_support	118	1	0	0	0	0	0	0	NA	NA	NA	NA	NA
Dan_CPR_Uncharacterized_23	CPR_Uncharacterized_23	Dan	Drosophila ananassae	CPR	0.0	None	0.0	None	0.0	0.0	no_confident_CPAP_hit	low	no_confident_hit	no_ChtBD2_support	112	1	0	0	0	0	0	0	NA	NA	NA	NA	NA
Dan_CPR_Uncharacterized_24	CPR_Uncharacterized_24	Dan	Drosophila ananassae	CPR	0.0	None	0.0	None	0.0	0.0	no_confident_CPAP_hit	low	no_confident_hit	no_ChtBD2_support	112	1	0	0	0	0	0	0	NA	NA	NA	NA	NA
Dan_CPR_Uncharacterized_25	CPR_Uncharacterized_25	Dan	Drosophila ananassae	CPR	0.0	None	0.0	None	0.0	0.0	no_confident_CPAP_hit	low	no_confident_hit	no_ChtBD2_support	128	0	0	0	0	0	0	0	NA	NA	NA	NA	NA
Dan_CPR_Uncharacterized_26	CPR_Uncharacterized_26	Dan	Drosophila ananassae	CPR	0.0	None	0.0	None	0.0	0.0	no_confident_CPAP_hit	low	no_confident_hit	no_ChtBD2_support	130	1	0	0	0	0	0	0	NA	NA	NA	NA	NA
Dan_CPR_Uncharacterized_27	CPR_Uncharacterized_27	Dan	Drosophila ananassae	CPR	0.0	None	0.0	None	0.0	0.0	no_confident_CPAP_hit	low	no_confident_hit	no_ChtBD2_support	188	1	0	0	0	0	0	0	NA	NA	NA	NA	NA
Dan_CPR_Uncharacterized_28	CPR_Uncharacterized_28	Dan	Drosophila ananassae	CPR	0.0	None	0.0	None	0.0	0.0	no_confident_CPAP_hit	low	no_confident_hit	no_ChtBD2_support	211	2	0	0	0	0	0	0	NA	NA	NA	NA	NA
Dan_CPR_Uncharacterized_29	CPR_Uncharacterized_29	Dan	Drosophila ananassae	CPR	0.0	None	0.0	None	0.0	0.0	no_confident_CPAP_hit	low	no_confident_hit	no_ChtBD2_support	137	0	0	0	0	0	0	0	NA	NA	NA	NA	NA
Dan_CPR_Uncharacterized_3	CPR_Uncharacterized_3	Dan	Drosophila ananassae	CPR	0.0	None	0.0	None	0.0	0.0	no_confident_CPAP_hit	low	no_confident_hit	no_ChtBD2_support	233	1	0	0	0	0	0	0	NA	NA	NA	NA	NA
Dan_CPR_Uncharacterized_31	CPR_Uncharacterized_31	Dan	Drosophila ananassae	CPR	0.0	None	0.0	None	0.0	0.0	no_confident_CPAP_hit	low	no_confident_hit	no_ChtBD2_support	265	0	0	0	0	0	0	0	NA	NA	NA	NA	NA
Dan_CPR_Uncharacterized_32	CPR_Uncharacterized_32	Dan	Drosophila ananassae	CPR	0.0	None	0.0	None	0.0	0.0	no_confident_CPAP_hit	low	no_confident_hit	no_ChtBD2_support	201	0	0	0	0	0	0	0	NA	NA	NA	NA	NA
Dan_CPR_Uncharacterized_33	CPR_Uncharacterized_33	Dan	Drosophila ananassae	CPR	0.0	None	0.0	None	0.0	0.0	no_confident_CPAP_hit	low	no_confident_hit	no_ChtBD2_support	167	2	0	0	0	0	0	0	NA	NA	NA	NA	NA
Dan_CPR_Uncharacterized_34	CPR_Uncharacterized_34	Dan	Drosophila ananassae	CPR	0.0	None	0.0	None	0.0	0.0	no_confident_CPAP_hit	low	no_confident_hit	no_ChtBD2_support	121	2	0	0	0	0	0	0	NA	NA	NA	NA	NA
Dan_CPR_Uncharacterized_35	CPR_Uncharacterized_35	Dan	Drosophila ananassae	CPR	0.0	None	0.0	None	0.0	0.0	no_confident_CPAP_hit	low	no_confident_hit	no_ChtBD2_support	153	1	0	0	0	0	0	0	NA	NA	NA	NA	NA
Dan_CPR_Uncharacterized_36	CPR_Uncharacterized_36	Dan	Drosophila ananassae	CPR	0.0	None	0.0	None	0.0	0.0	no_confident_CPAP_hit	low	no_confident_hit	no_ChtBD2_support	133	1	0	0	0	0	0	0	NA	NA	NA	NA	NA
Dan_CPR_Uncharacterized_37	CPR_Uncharacterized_37	Dan	Drosophila ananassae	CPR	0.0	None	0.0	None	0.0	0.0	no_confident_CPAP_hit	low	no_confident_hit	no_ChtBD2_support	195	1	0	0	0	0	0	0	NA	NA	NA	NA	NA
Dan_CPR_Uncharacterized_39	CPR_Uncharacterized_39	Dan	Drosophila ananassae	CPR	0.0	None	0.0	None	0.0	0.0	no_confident_CPAP_hit	low	no_confident_hit	no_ChtBD2_support	142	1	0	0	0	0	0	0	NA	NA	NA	NA	NA
Dan_CPR_Uncharacterized_4	CPR_Uncharacterized_4	Dan	Drosophila ananassae	CPR	0.0	None	0.0	None	0.0	0.0	no_confident_CPAP_hit	low	no_confident_hit	no_ChtBD2_support	175	0	0	0	0	0	0	0	NA	NA	NA	NA	NA
Dan_CPR_Uncharacterized_40	CPR_Uncharacterized_40	Dan	Drosophila ananassae	CPR	0.0	None	0.0	None	0.0	0.0	no_confident_CPAP_hit	low	no_confident_hit	no_ChtBD2_support	92	1	0	0	0	0	0	0	NA	NA	NA	NA	NA
Dan_CPR_Uncharacterized_41	CPR_Uncharacterized_41	Dan	Drosophila ananassae	CPR	0.0	None	0.0	None	0.0	0.0	no_confident_CPAP_hit	low	no_confident_hit	no_ChtBD2_support	414	0	0	0	0	0	0	0	NA	NA	NA	NA	NA
Dan_CPR_Uncharacterized_42	CPR_Uncharacterized_42	Dan	Drosophila ananassae	CPR	0.0	None	0.0	None	0.0	0.0	no_confident_CPAP_hit	low	no_confident_hit	no_ChtBD2_support	124	0	0	0	0	0	0	0	NA	NA	NA	NA	NA
Dan_CPR_Uncharacterized_43	CPR_Uncharacterized_43	Dan	Drosophila ananassae	CPR	0.0	None	0.0	None	0.0	0.0	no_confident_CPAP_hit	low	no_confident_hit	no_ChtBD2_support	619	0	0	0	0	0	0	0	NA	NA	NA	NA	NA
Dan_CPR_Uncharacterized_44	CPR_Uncharacterized_44	Dan	Drosophila ananassae	CPR	0.0	None	0.0	None	0.0	0.0	no_confident_CPAP_hit	low	no_confident_hit	no_ChtBD2_support	125	0	0	0	0	0	0	0	NA	NA	NA	NA	NA
Dan_CPR_Uncharacterized_45	CPR_Uncharacterized_45	Dan	Drosophila ananassae	CPR	0.0	None	0.0	None	0.0	0.0	no_confident_CPAP_hit	low	no_confident_hit	no_ChtBD2_support	188	1	0	0	0	0	0	0	NA	NA	NA	NA	NA
Dan_CPR_Uncharacterized_46	CPR_Uncharacterized_46	Dan	Drosophila ananassae	CPR	0.0	None	0.0	None	0.0	0.0	no_confident_CPAP_hit	low	no_confident_hit	no_ChtBD2_support	187	2	0	0	0	0	0	0	NA	NA	NA	NA	NA
Dan_CPR_Uncharacterized_48	CPR_Uncharacterized_48	Dan	Drosophila ananassae	CPR	0.0	None	0.0	None	0.0	0.0	no_confident_CPAP_hit	low	no_confident_hit	no_ChtBD2_support	131	1	0	0	0	0	0	0	NA	NA	NA	NA	NA
Dan_CPR_Uncharacterized_49	CPR_Uncharacterized_49	Dan	Drosophila ananassae	CPR	0.0	None	0.0	None	0.0	0.0	no_confident_CPAP_hit	low	no_confident_hit	no_ChtBD2_support	127	1	0	0	0	0	0	0	NA	NA	NA	NA	NA
Dan_CPR_Uncharacterized_5	CPR_Uncharacterized_5	Dan	Drosophila ananassae	CPR	0.0	None	0.0	None	0.0	0.0	no_confident_CPAP_hit	low	no_confident_hit	no_ChtBD2_support	273	0	0	0	0	0	0	0	NA	NA	NA	NA	NA
Dan_CPR_Uncharacterized_50	CPR_Uncharacterized_50	Dan	Drosophila ananassae	CPR	0.0	None	0.0	None	0.0	0.0	no_confident_CPAP_hit	low	no_confident_hit	no_ChtBD2_support	181	0	0	0	0	0	0	0	NA	NA	NA	NA	NA
Dan_CPR_Uncharacterized_51	CPR_Uncharacterized_51	Dan	Drosophila ananassae	CPR	0.0	None	0.0	None	0.0	0.0	no_confident_CPAP_hit	low	no_confident_hit	no_ChtBD2_support	129	1	0	0	0	0	0	0	NA	NA	NA	NA	NA
Dan_CPR_Uncharacterized_52	CPR_Uncharacterized_52	Dan	Drosophila ananassae	CPR	0.0	None	0.0	None	0.0	0.0	no_confident_CPAP_hit	low	no_confident_hit	no_ChtBD2_support	133	1	0	0	0	0	0	0	NA	NA	NA	NA	NA
Dan_CPR_Uncharacterized_53	CPR_Uncharacterized_53	Dan	Drosophila ananassae	CPR	0.0	None	0.0	None	0.0	0.0	no_confident_CPAP_hit	low	no_confident_hit	no_ChtBD2_support	326	0	0	0	0	0	0	0	NA	NA	NA	NA	NA
Dan_CPR_Uncharacterized_55	CPR_Uncharacterized_55	Dan	Drosophila ananassae	CPR	0.0	None	0.0	None	0.0	0.0	no_confident_CPAP_hit	low	no_confident_hit	no_ChtBD2_support	271	0	0	0	0	0	0	0	NA	NA	NA	NA	NA
Dan_CPR_Uncharacterized_56	CPR_Uncharacterized_56	Dan	Drosophila ananassae	CPR	0.0	None	0.0	None	0.0	0.0	no_confident_CPAP_hit	low	no_confident_hit	no_ChtBD2_support	247	0	0	0	0	0	0	0	NA	NA	NA	NA	NA
Dan_CPR_Uncharacterized_57	CPR_Uncharacterized_57	Dan	Drosophila ananassae	CPR	0.0	None	0.0	None	0.0	0.0	no_confident_CPAP_hit	low	no_confident_hit	no_ChtBD2_support	218	0	0	0	0	0	0	0	NA	NA	NA	NA	NA
Dan_CPR_Uncharacterized_58	CPR_Uncharacterized_58	Dan	Drosophila ananassae	CPR	0.0	None	0.0	None	0.0	0.0	no_confident_CPAP_hit	low	no_confident_hit	no_ChtBD2_support	437	0	0	0	0	0	0	0	NA	NA	NA	NA	NA
Dan_CPR_Uncharacterized_59	CPR_Uncharacterized_59	Dan	Drosophila ananassae	CPR	0.0	None	0.0	None	0.0	0.0	no_confident_CPAP_hit	low	no_confident_hit	no_ChtBD2_support	112	0	0	0	0	0	0	0	NA	NA	NA	NA	NA
Dan_CPR_Uncharacterized_6	CPR_Uncharacterized_6	Dan	Drosophila ananassae	CPR	0.0	None	0.0	None	0.0	0.0	no_confident_CPAP_hit	low	no_confident_hit	no_ChtBD2_support	206	0	0	0	0	0	0	0	NA	NA	NA	NA	NA
Dan_CPR_Uncharacterized_60	CPR_Uncharacterized_60	Dan	Drosophila ananassae	CPR	0.0	None	0.0	None	0.0	0.0	no_confident_CPAP_hit	low	no_confident_hit	no_ChtBD2_support	115	2	0	0	0	0	0	0	NA	NA	NA	NA	NA
Dan_CPR_Uncharacterized_61	CPR_Uncharacterized_61	Dan	Drosophila ananassae	CPR	0.0	None	0.0	None	0.0	0.0	no_confident_CPAP_hit	low	no_confident_hit	no_ChtBD2_support	135	1	0	0	0	0	0	0	NA	NA	NA	NA	NA
Dan_CPR_Uncharacterized_62	CPR_Uncharacterized_62	Dan	Drosophila ananassae	CPR	0.0	None	0.0	None	0.0	0.0	no_confident_CPAP_hit	low	no_confident_hit	no_ChtBD2_support	129	4	0	0	0	0	0	0	NA	NA	NA	NA	NA
Dan_CPR_Uncharacterized_63	CPR_Uncharacterized_63	Dan	Drosophila ananassae	CPR	0.0	None	0.0	None	0.0	0.0	no_confident_CPAP_hit	low	no_confident_hit	no_ChtBD2_support	107	0	0	0	0	0	0	0	NA	NA	NA	NA	NA
Dan_CPR_Uncharacterized_64	CPR_Uncharacterized_64	Dan	Drosophila ananassae	CPR	0.0	None	0.0	None	0.0	0.0	no_confident_CPAP_hit	low	no_confident_hit	no_ChtBD2_support	134	0	0	0	0	0	0	0	NA	NA	NA	NA	NA
Dan_CPR_Uncharacterized_65	CPR_Uncharacterized_65	Dan	Drosophila ananassae	CPR	0.0	None	0.0	None	0.0	0.0	no_confident_CPAP_hit	low	no_confident_hit	no_ChtBD2_support	153	1	0	0	0	0	0	0	NA	NA	NA	NA	NA
Dan_CPR_Uncharacterized_67	CPR_Uncharacterized_67	Dan	Drosophila ananassae	CPR	0.0	None	0.0	None	0.0	0.0	no_confident_CPAP_hit	low	no_confident_hit	no_ChtBD2_support	476	0	0	0	0	0	0	0	NA	NA	NA	NA	NA
Dan_CPR_Uncharacterized_68	CPR_Uncharacterized_68	Dan	Drosophila ananassae	CPR	0.0	None	0.0	None	0.0	0.0	no_confident_CPAP_hit	low	no_confident_hit	no_ChtBD2_support	204	0	0	0	0	0	0	0	NA	NA	NA	NA	NA
Dan_CPR_Uncharacterized_69	CPR_Uncharacterized_69	Dan	Drosophila ananassae	CPR	0.0	None	0.0	None	0.0	0.0	no_confident_CPAP_hit	low	no_confident_hit	no_ChtBD2_support	119	3	0	0	0	0	0	0	NA	NA	NA	NA	NA
Dan_CPR_Uncharacterized_7	CPR_Uncharacterized_7	Dan	Drosophila ananassae	CPR	0.0	None	0.0	None	0.0	0.0	no_confident_CPAP_hit	low	no_confident_hit	no_ChtBD2_support	102	1	0	0	0	0	0	0	NA	NA	NA	NA	NA
Dan_CPR_Uncharacterized_70	CPR_Uncharacterized_70	Dan	Drosophila ananassae	CPR	0.0	None	0.0	None	0.0	0.0	no_confident_CPAP_hit	low	no_confident_hit	no_ChtBD2_support	198	0	0	0	0	0	0	0	NA	NA	NA	NA	NA
Dan_CPR_Uncharacterized_71	CPR_Uncharacterized_71	Dan	Drosophila ananassae	CPR	0.0	None	0.0	None	0.0	0.0	no_confident_CPAP_hit	low	no_confident_hit	no_ChtBD2_support	242	0	0	0	0	0	0	0	NA	NA	NA	NA	NA
Dan_CPR_Uncharacterized_72	CPR_Uncharacterized_72	Dan	Drosophila ananassae	CPR	0.0	None	0.0	None	0.0	0.0	no_confident_CPAP_hit	low	no_confident_hit	no_ChtBD2_support	136	1	0	0	0	0	0	0	NA	NA	NA	NA	NA
Dan_CPR_Uncharacterized_73	CPR_Uncharacterized_73	Dan	Drosophila ananassae	CPR	0.0	None	0.0	None	0.0	0.0	no_confident_CPAP_hit	low	no_confident_hit	no_ChtBD2_support	155	1	0	0	0	0	0	0	NA	NA	NA	NA	NA
Dan_CPR_Uncharacterized_74	CPR_Uncharacterized_74	Dan	Drosophila ananassae	CPR	0.0	None	0.0	None	0.0	0.0	no_confident_CPAP_hit	low	no_confident_hit	no_ChtBD2_support	121	0	0	0	0	0	0	0	NA	NA	NA	NA	NA
Dan_CPR_Uncharacterized_75	CPR_Uncharacterized_75	Dan	Drosophila ananassae	CPR	0.0	None	0.0	None	0.0	0.0	no_confident_CPAP_hit	low	no_confident_hit	no_ChtBD2_support	260	1	0	0	0	0	0	0	NA	NA	NA	NA	NA
Dan_CPR_Uncharacterized_76	CPR_Uncharacterized_76	Dan	Drosophila ananassae	CPR	0.0	None	0.0	None	0.0	0.0	no_confident_CPAP_hit	low	no_confident_hit	no_ChtBD2_support	196	1	0	0	0	0	0	0	NA	NA	NA	NA	NA
Dan_CPR_Uncharacterized_77	CPR_Uncharacterized_77	Dan	Drosophila ananassae	CPR	0.0	None	0.0	None	0.0	0.0	no_confident_CPAP_hit	low	no_confident_hit	no_ChtBD2_support	201	2	0	0	0	0	0	0	NA	NA	NA	NA	NA
Dan_CPR_Uncharacterized_78	CPR_Uncharacterized_78	Dan	Drosophila ananassae	CPR	0.0	None	0.0	None	0.0	0.0	no_confident_CPAP_hit	low	no_confident_hit	no_ChtBD2_support	253	3	0	0	0	0	0	0	NA	NA	NA	NA	NA
Dan_CPR_Uncharacterized_8	CPR_Uncharacterized_8	Dan	Drosophila ananassae	CPR	0.0	None	0.0	None	0.0	0.0	no_confident_CPAP_hit	low	no_confident_hit	no_ChtBD2_support	146	0	0	0	0	0	0	0	NA	NA	NA	NA	NA
Dan_CPR_Uncharacterized_80	CPR_Uncharacterized_80	Dan	Drosophila ananassae	CPR	0.0	None	0.0	None	0.0	0.0	no_confident_CPAP_hit	low	no_confident_hit	no_ChtBD2_support	100	0	0	0	0	0	0	0	NA	NA	NA	NA	NA
Dan_CPR_Uncharacterized_81	CPR_Uncharacterized_81	Dan	Drosophila ananassae	CPR	0.0	None	0.0	None	0.0	0.0	no_confident_CPAP_hit	low	no_confident_hit	no_ChtBD2_support	103	2	0	0	0	0	0	0	NA	NA	NA	NA	NA
Dan_CPR_Uncharacterized_82	CPR_Uncharacterized_82	Dan	Drosophila ananassae	CPR	0.0	None	0.0	None	0.0	0.0	no_confident_CPAP_hit	low	no_confident_hit	no_ChtBD2_support	105	0	0	0	0	0	0	0	NA	NA	NA	NA	NA
Dan_CPR_Uncharacterized_83	CPR_Uncharacterized_83	Dan	Drosophila ananassae	CPR	0.0	None	0.0	None	0.0	0.0	no_confident_CPAP_hit	low	no_confident_hit	no_ChtBD2_support	105	0	0	0	0	0	0	0	NA	NA	NA	NA	NA
Dan_CPR_Uncharacterized_84	CPR_Uncharacterized_84	Dan	Drosophila ananassae	CPR	0.0	None	0.0	None	0.0	0.0	no_confident_CPAP_hit	low	no_confident_hit	no_ChtBD2_support	103	0	0	0	0	0	0	0	NA	NA	NA	NA	NA
Dan_CPR_Uncharacterized_85	CPR_Uncharacterized_85	Dan	Drosophila ananassae	CPR	0.0	None	0.0	None	0.0	0.0	no_confident_CPAP_hit	low	no_confident_hit	no_ChtBD2_support	105	0	0	0	0	0	0	0	NA	NA	NA	NA	NA
Dan_CPR_Uncharacterized_86	CPR_Uncharacterized_86	Dan	Drosophila ananassae	CPR	0.0	None	0.0	None	0.0	0.0	no_confident_CPAP_hit	low	no_confident_hit	no_ChtBD2_support	105	0	0	0	0	0	0	0	NA	NA	NA	NA	NA
Dan_CPR_Uncharacterized_87	CPR_Uncharacterized_87	Dan	Drosophila ananassae	CPR	0.0	None	0.0	None	0.0	0.0	no_confident_CPAP_hit	low	no_confident_hit	no_ChtBD2_support	105	0	0	0	0	0	0	0	NA	NA	NA	NA	NA
Dan_CPR_Uncharacterized_88	CPR_Uncharacterized_88	Dan	Drosophila ananassae	CPR	0.0	None	0.0	None	0.0	0.0	no_confident_CPAP_hit	low	no_confident_hit	no_ChtBD2_support	109	1	0	0	0	0	0	0	NA	NA	NA	NA	NA
Dan_CPR_Uncharacterized_89	CPR_Uncharacterized_89	Dan	Drosophila ananassae	CPR	0.0	None	0.0	None	0.0	0.0	no_confident_CPAP_hit	low	no_confident_hit	no_ChtBD2_support	108	2	0	0	0	0	0	0	NA	NA	NA	NA	NA
Dan_CPR_Uncharacterized_9	CPR_Uncharacterized_9	Dan	Drosophila ananassae	CPR	0.0	None	0.0	None	0.0	0.0	no_confident_CPAP_hit	low	no_confident_hit	no_ChtBD2_support	356	3	0	0	0	0	0	0	NA	NA	NA	NA	NA
Dan_CPR_Uncharacterized_90	CPR_Uncharacterized_90	Dan	Drosophila ananassae	CPR	0.0	None	0.0	None	0.0	0.0	no_confident_CPAP_hit	low	no_confident_hit	no_ChtBD2_support	108	1	0	0	0	0	0	0	NA	NA	NA	NA	NA
Dan_CPR_Uncharacterized_91	CPR_Uncharacterized_91	Dan	Drosophila ananassae	CPR	0.0	None	0.0	None	0.0	0.0	no_confident_CPAP_hit	low	no_confident_hit	no_ChtBD2_support	111	2	0	0	0	0	0	0	NA	NA	NA	NA	NA
Dan_CPR_Uncharacterized_92	CPR_Uncharacterized_92	Dan	Drosophila ananassae	CPR	0.0	None	0.0	None	0.0	0.0	no_confident_CPAP_hit	low	no_confident_hit	no_ChtBD2_support	125	1	0	0	0	0	0	0	NA	NA	NA	NA	NA
Dan_CPR_Uncharacterized_93	CPR_Uncharacterized_93	Dan	Drosophila ananassae	CPR	0.0	None	0.0	None	0.0	0.0	no_confident_CPAP_hit	low	no_confident_hit	no_ChtBD2_support	100	0	0	0	0	0	0	0	NA	NA	NA	NA	NA
Dan_CPR_Uncharacterized_94	CPR_Uncharacterized_94	Dan	Drosophila ananassae	CPR	0.0	None	0.0	None	0.0	0.0	no_confident_CPAP_hit	low	no_confident_hit	no_ChtBD2_support	105	0	0	0	0	0	0	0	NA	NA	NA	NA	NA
Dan_CPR_Uncharacterized_95	CPR_Uncharacterized_95	Dan	Drosophila ananassae	CPR	0.0	None	0.0	None	0.0	0.0	no_confident_CPAP_hit	low	no_confident_hit	no_ChtBD2_support	106	0	0	0	0	0	0	0	NA	NA	NA	NA	NA
Dan_CPR_Uncharacterized_96	CPR_Uncharacterized_96	Dan	Drosophila ananassae	CPR	0.0	None	0.0	None	0.0	0.0	no_confident_CPAP_hit	low	no_confident_hit	no_ChtBD2_support	103	0	0	0	0	0	0	0	NA	NA	NA	NA	NA
Dan_CPR_Uncharacterized_97	CPR_Uncharacterized_97	Dan	Drosophila ananassae	CPR	0.0	None	0.0	None	0.0	0.0	no_confident_CPAP_hit	low	no_confident_hit	no_ChtBD2_support	253	2	0	0	0	0	0	0	NA	NA	NA	NA	NA
Dan_CPR_Uncharacterized_98	CPR_Uncharacterized_98	Dan	Drosophila ananassae	CPR	0.0	None	0.0	None	0.0	0.0	no_confident_CPAP_hit	low	no_confident_hit	no_ChtBD2_support	217	0	0	0	0	0	0	0	NA	NA	NA	NA	NA
Dan_CPR_Uncharacterized_99	CPR_Uncharacterized_99	Dan	Drosophila ananassae	CPR	0.0	None	0.0	None	0.0	0.0	no_confident_CPAP_hit	low	no_confident_hit	no_ChtBD2_support	210	0	0	0	0	0	0	0	NA	NA	NA	NA	NA
Dan_CPR_Uncharacterized_A	CPR_Uncharacterized_A	Dan	Drosophila ananassae	CPR	0.0	None	0.0	None	0.0	0.0	no_confident_CPAP_hit	low	no_confident_hit	no_ChtBD2_support	281	1	0	0	0	0	0	0	NA	NA	NA	NA	NA
Dan_CPR_Uncharacterized_B	CPR_Uncharacterized_B	Dan	Drosophila ananassae	CPR	0.0	None	0.0	None	0.0	0.0	no_confident_CPAP_hit	low	no_confident_hit	no_ChtBD2_support	143	1	0	0	0	0	0	0	NA	NA	NA	NA	NA
Dan_Tweedle1	Tweedle1	Dan	Drosophila ananassae	Tweedle	0.0	None	0.0	None	0.0	0.0	no_confident_CPAP_hit	low	no_confident_hit	no_ChtBD2_support	369	1	0	0	0	0	0	0	NA	NA	NA	NA	NA
Dan_Tweedle10	Tweedle10	Dan	Drosophila ananassae	Tweedle	0.0	None	0.0	None	0.0	0.0	no_confident_CPAP_hit	low	no_confident_hit	no_ChtBD2_support	309	1	0	0	0	0	0	0	NA	NA	NA	NA	NA
Dan_Tweedle11	Tweedle11	Dan	Drosophila ananassae	Tweedle	0.0	None	0.0	None	0.0	0.0	no_confident_CPAP_hit	low	no_confident_hit	no_ChtBD2_support	226	1	0	0	0	0	0	0	NA	NA	NA	NA	NA
Dan_Tweedle12	Tweedle12	Dan	Drosophila ananassae	Tweedle	0.0	None	0.0	None	0.0	0.0	no_confident_CPAP_hit	low	no_confident_hit	no_ChtBD2_support	256	0	0	0	0	0	0	0	NA	NA	NA	NA	NA
Dan_Tweedle13	Tweedle13	Dan	Drosophila ananassae	Tweedle	5.9	0.94	0.0	None	5.9	5.9	no_confident_CPAP_hit	low	no_confident_hit	no_ChtBD2_support	279	1	0	0	0	0	0	0	NA	NA	NA	NA	NA
Dan_Tweedle14	Tweedle14	Dan	Drosophila ananassae	Tweedle	0.0	None	0.0	None	0.0	0.0	no_confident_CPAP_hit	low	no_confident_hit	no_ChtBD2_support	258	1	0	0	0	0	0	0	NA	NA	NA	NA	NA
Dan_Tweedle15	Tweedle15	Dan	Drosophila ananassae	Tweedle	0.0	None	0.0	None	0.0	0.0	no_confident_CPAP_hit	low	no_confident_hit	no_ChtBD2_support	219	1	0	0	0	0	0	0	NA	NA	NA	NA	NA
Dan_Tweedle16	Tweedle16	Dan	Drosophila ananassae	Tweedle	0.0	None	0.0	None	0.0	0.0	no_confident_CPAP_hit	low	no_confident_hit	no_ChtBD2_support	256	0	0	0	0	0	0	0	NA	NA	NA	NA	NA
Dan_Tweedle17	Tweedle17	Dan	Drosophila ananassae	Tweedle	0.0	None	0.0	None	0.0	0.0	no_confident_CPAP_hit	low	no_confident_hit	no_ChtBD2_support	263	2	0	0	0	0	0	0	NA	NA	NA	NA	NA
Dan_Tweedle18	Tweedle18	Dan	Drosophila ananassae	Tweedle	0.0	None	0.0	None	0.0	0.0	no_confident_CPAP_hit	low	no_confident_hit	no_ChtBD2_support	231	3	0	0	0	0	0	0	NA	NA	NA	NA	NA
Dan_Tweedle19	Tweedle19	Dan	Drosophila ananassae	Tweedle	0.0	None	0.0	None	0.0	0.0	no_confident_CPAP_hit	low	no_confident_hit	no_ChtBD2_support	315	0	0	0	0	0	0	0	NA	NA	NA	NA	NA
Dan_Tweedle2	Tweedle2	Dan	Drosophila ananassae	Tweedle	0.0	None	0.0	None	0.0	0.0	no_confident_CPAP_hit	low	no_confident_hit	no_ChtBD2_support	286	1	0	0	0	0	0	0	NA	NA	NA	NA	NA
Dan_Tweedle20	Tweedle20	Dan	Drosophila ananassae	Tweedle	0.0	None	0.0	None	0.0	0.0	no_confident_CPAP_hit	low	no_confident_hit	no_ChtBD2_support	245	1	0	0	0	0	0	0	NA	NA	NA	NA	NA
Dan_Tweedle21	Tweedle21	Dan	Drosophila ananassae	Tweedle	0.0	None	0.0	None	0.0	0.0	no_confident_CPAP_hit	low	no_confident_hit	no_ChtBD2_support	295	2	0	0	0	0	0	0	NA	NA	NA	NA	NA
Dan_Tweedle22	Tweedle22	Dan	Drosophila ananassae	Tweedle	0.0	None	0.0	None	0.0	0.0	no_confident_CPAP_hit	low	no_confident_hit	no_ChtBD2_support	262	1	0	0	0	0	0	0	NA	NA	NA	NA	NA
Dan_Tweedle23	Tweedle23	Dan	Drosophila ananassae	Tweedle	0.0	None	0.0	None	0.0	0.0	no_confident_CPAP_hit	low	no_confident_hit	no_ChtBD2_support	246	1	0	0	0	0	0	0	NA	NA	NA	NA	NA
Dan_Tweedle24	Tweedle24	Dan	Drosophila ananassae	Tweedle	0.0	None	0.0	None	0.0	0.0	no_confident_CPAP_hit	low	no_confident_hit	no_ChtBD2_support	231	2	0	0	0	0	0	0	NA	NA	NA	NA	NA
Dan_Tweedle25	Tweedle25	Dan	Drosophila ananassae	Tweedle	0.0	None	0.0	None	0.0	0.0	no_confident_CPAP_hit	low	no_confident_hit	no_ChtBD2_support	289	2	0	0	0	0	0	0	NA	NA	NA	NA	NA
Dan_Tweedle26	Tweedle26	Dan	Drosophila ananassae	Tweedle	0.0	None	0.0	None	0.0	0.0	no_confident_CPAP_hit	low	no_confident_hit	no_ChtBD2_support	281	2	0	0	0	0	0	0	NA	NA	NA	NA	NA
Dan_Tweedle27	Tweedle27	Dan	Drosophila ananassae	Tweedle	0.0	None	0.0	None	0.0	0.0	no_confident_CPAP_hit	low	no_confident_hit	no_ChtBD2_support	228	1	0	0	0	0	0	0	NA	NA	NA	NA	NA
Dan_Tweedle28	Tweedle28	Dan	Drosophila ananassae	Tweedle	0.0	None	0.0	None	0.0	0.0	no_confident_CPAP_hit	low	no_confident_hit	no_ChtBD2_support	276	2	0	0	0	0	0	0	NA	NA	NA	NA	NA
Dan_Tweedle3	Tweedle3	Dan	Drosophila ananassae	Tweedle	0.0	None	0.0	None	0.0	0.0	no_confident_CPAP_hit	low	no_confident_hit	no_ChtBD2_support	191	0	0	0	0	0	0	0	NA	NA	NA	NA	NA
Dan_Tweedle4	Tweedle4	Dan	Drosophila ananassae	Tweedle	0.0	None	0.0	None	0.0	0.0	no_confident_CPAP_hit	low	no_confident_hit	no_ChtBD2_support	345	1	0	0	0	0	0	0	NA	NA	NA	NA	NA
Dan_Tweedle6	Tweedle6	Dan	Drosophila ananassae	Tweedle	0.0	None	0.0	None	0.0	0.0	no_confident_CPAP_hit	low	no_confident_hit	no_ChtBD2_support	207	0	0	0	0	0	0	0	NA	NA	NA	NA	NA
Dan_Tweedle7	Tweedle7	Dan	Drosophila ananassae	Tweedle	0.0	None	0.0	None	0.0	0.0	no_confident_CPAP_hit	low	no_confident_hit	no_ChtBD2_support	206	1	0	0	0	0	0	0	NA	NA	NA	NA	NA
Dan_Tweedle8	Tweedle8	Dan	Drosophila ananassae	Tweedle	0.0	None	0.0	None	0.0	0.0	no_confident_CPAP_hit	low	no_confident_hit	no_ChtBD2_support	385	1	0	0	0	0	0	0	NA	NA	NA	NA	NA
Dan_Tweedle9	Tweedle9	Dan	Drosophila ananassae	Tweedle	0.0	None	0.0	None	0.0	0.0	no_confident_CPAP_hit	low	no_confident_hit	no_ChtBD2_support	195	0	0	0	0	0	0	0	NA	NA	NA	NA	NA
Dci_CP7	CP7	Dci	Diaphorina citri	CPR RR-2	0.0	None	0.0	None	0.0	0.0	no_confident_CPAP_hit	low	no_confident_hit	no_ChtBD2_support	151	1	0	0	0	0	0	0	NA	NA	NA	NA	NA
Dci_CP8	CP8	Dci	Diaphorina citri	CPR RR-2	0.0	None	0.0	None	0.0	0.0	no_confident_CPAP_hit	low	no_confident_hit	no_ChtBD2_support	259	0	0	0	0	0	0	0	NA	NA	NA	NA	NA
Dgr_CPF1	CPF1	Dgr	Drosophila grimshawi	CPF	0.0	None	0.0	None	0.0	0.0	no_confident_CPAP_hit	low	no_confident_hit	no_ChtBD2_support	160	0	0	0	0	0	0	0	NA	NA	NA	NA	NA
Dgr_CPF2	CPF2	Dgr	Drosophila grimshawi	CPF	0.0	None	0.0	None	0.0	0.0	no_confident_CPAP_hit	low	no_confident_hit	no_ChtBD2_support	269	0	0	0	0	0	0	0	NA	NA	NA	NA	NA
Dgr_CPF3	CPF3	Dgr	Drosophila grimshawi	CPF	0.0	None	0.0	None	0.0	0.0	no_confident_CPAP_hit	low	no_confident_hit	no_ChtBD2_support	204	0	0	0	0	0	0	0	NA	NA	NA	NA	NA
Dgr_CPLCG1	CPLCG1	Dgr	Drosophila grimshawi	CPLCG	0.0	None	0.0	None	0.0	0.0	no_confident_CPAP_hit	low	no_confident_hit	no_ChtBD2_support	127	0	0	0	0	0	0	0	NA	NA	NA	NA	NA
Dgr_CPLCG2	CPLCG2	Dgr	Drosophila grimshawi	CPLCG	0.0	None	0.0	None	0.0	0.0	no_confident_CPAP_hit	low	no_confident_hit	no_ChtBD2_support	146	1	0	0	0	0	0	0	NA	NA	NA	NA	NA
Dgr_CPLCG3	CPLCG3	Dgr	Drosophila grimshawi	CPLCG	0.0	None	0.0	None	0.0	0.0	no_confident_CPAP_hit	low	no_confident_hit	no_ChtBD2_support	135	0	0	0	0	0	0	0	NA	NA	NA	NA	NA
Dgr_CPR_Uncharacterized_10	CPR_Uncharacterized_10	Dgr	Drosophila grimshawi	CPR	0.0	None	0.0	None	0.0	0.0	no_confident_CPAP_hit	low	no_confident_hit	no_ChtBD2_support	201	0	0	0	0	0	0	0	NA	NA	NA	NA	NA
Dgr_CPR_Uncharacterized_100	CPR_Uncharacterized_100	Dgr	Drosophila grimshawi	CPR	0.0	None	0.0	None	0.0	0.0	no_confident_CPAP_hit	low	no_confident_hit	no_ChtBD2_support	213	0	0	0	0	0	0	0	NA	NA	NA	NA	NA
Dgr_CPR_Uncharacterized_102	CPR_Uncharacterized_102	Dgr	Drosophila grimshawi	CPR	0.0	None	0.0	None	0.0	0.0	no_confident_CPAP_hit	low	no_confident_hit	no_ChtBD2_support	139	2	0	0	0	0	0	0	NA	NA	NA	NA	NA
Dgr_CPR_Uncharacterized_103	CPR_Uncharacterized_103	Dgr	Drosophila grimshawi	CPR	0.0	None	0.0	None	0.0	0.0	no_confident_CPAP_hit	low	no_confident_hit	no_ChtBD2_support	125	0	0	0	0	0	0	0	NA	NA	NA	NA	NA
Dgr_CPR_Uncharacterized_104	CPR_Uncharacterized_104	Dgr	Drosophila grimshawi	CPR	6.6	0.56	0.0	None	6.6	6.6	no_confident_CPAP_hit	low	no_confident_hit	no_ChtBD2_support	265	1	0	0	0	0	0	0	NA	NA	NA	NA	NA
Dgr_CPR_Uncharacterized_105	CPR_Uncharacterized_105	Dgr	Drosophila grimshawi	CPR	0.0	None	0.0	None	0.0	0.0	no_confident_CPAP_hit	low	no_confident_hit	no_ChtBD2_support	77	0	0	0	0	0	0	0	NA	NA	NA	NA	NA
Dgr_CPR_Uncharacterized_106	CPR_Uncharacterized_106	Dgr	Drosophila grimshawi	CPR	0.0	None	0.0	None	0.0	0.0	no_confident_CPAP_hit	low	no_confident_hit	no_ChtBD2_support	146	2	0	0	0	0	0	0	NA	NA	NA	NA	NA
Dgr_CPR_Uncharacterized_108	CPR_Uncharacterized_108	Dgr	Drosophila grimshawi	CPR	0.0	None	0.0	None	0.0	0.0	no_confident_CPAP_hit	low	no_confident_hit	no_ChtBD2_support	101	2	0	0	0	0	0	0	NA	NA	NA	NA	NA
Dgr_CPR_Uncharacterized_109	CPR_Uncharacterized_109	Dgr	Drosophila grimshawi	CPR	0.0	None	0.0	None	0.0	0.0	no_confident_CPAP_hit	low	no_confident_hit	no_ChtBD2_support	151	0	0	0	0	0	0	0	NA	NA	NA	NA	NA
Dgr_CPR_Uncharacterized_11	CPR_Uncharacterized_11	Dgr	Drosophila grimshawi	CPR	0.0	None	0.0	None	0.0	0.0	no_confident_CPAP_hit	low	no_confident_hit	no_ChtBD2_support	166	0	0	0	0	0	0	0	NA	NA	NA	NA	NA
Dgr_CPR_Uncharacterized_110	CPR_Uncharacterized_110	Dgr	Drosophila grimshawi	CPR	0.0	None	0.0	None	0.0	0.0	no_confident_CPAP_hit	low	no_confident_hit	no_ChtBD2_support	137	0	0	0	0	0	0	0	NA	NA	NA	NA	NA
Dgr_CPR_Uncharacterized_113	CPR_Uncharacterized_113	Dgr	Drosophila grimshawi	CPR	0.0	None	0.0	None	0.0	0.0	no_confident_CPAP_hit	low	no_confident_hit	no_ChtBD2_support	317	0	0	0	0	0	0	0	NA	NA	NA	NA	NA
Dgr_CPR_Uncharacterized_115	CPR_Uncharacterized_115	Dgr	Drosophila grimshawi	CPR	0.0	None	0.0	None	0.0	0.0	no_confident_CPAP_hit	low	no_confident_hit	no_ChtBD2_support	241	0	0	0	0	0	0	0	NA	NA	NA	NA	NA
Dgr_CPR_Uncharacterized_116	CPR_Uncharacterized_116	Dgr	Drosophila grimshawi	CPR	0.0	None	0.0	None	0.0	0.0	no_confident_CPAP_hit	low	no_confident_hit	no_ChtBD2_support	185	0	0	0	0	0	0	0	NA	NA	NA	NA	NA
Dgr_CPR_Uncharacterized_119	CPR_Uncharacterized_119	Dgr	Drosophila grimshawi	CPR	0.0	None	0.0	None	0.0	0.0	no_confident_CPAP_hit	low	no_confident_hit	no_ChtBD2_support	232	0	0	0	0	0	0	0	NA	NA	NA	NA	NA
Dgr_CPR_Uncharacterized_12	CPR_Uncharacterized_12	Dgr	Drosophila grimshawi	CPR	0.0	None	0.0	None	0.0	0.0	no_confident_CPAP_hit	low	no_confident_hit	no_ChtBD2_support	191	0	0	0	0	0	0	0	NA	NA	NA	NA	NA
Dgr_CPR_Uncharacterized_120	CPR_Uncharacterized_120	Dgr	Drosophila grimshawi	CPR	0.0	None	0.0	None	0.0	0.0	no_confident_CPAP_hit	low	no_confident_hit	no_ChtBD2_support	234	2	0	0	0	0	0	0	NA	NA	NA	NA	NA
Dgr_CPR_Uncharacterized_121	CPR_Uncharacterized_121	Dgr	Drosophila grimshawi	CPR	0.0	None	0.0	None	0.0	0.0	no_confident_CPAP_hit	low	no_confident_hit	no_ChtBD2_support	103	0	0	0	0	0	0	0	NA	NA	NA	NA	NA
Dgr_CPR_Uncharacterized_122	CPR_Uncharacterized_122	Dgr	Drosophila grimshawi	CPR	0.0	None	0.0	None	0.0	0.0	no_confident_CPAP_hit	low	no_confident_hit	no_ChtBD2_support	348	2	0	0	0	0	0	0	NA	NA	NA	NA	NA
Dgr_CPR_Uncharacterized_127	CPR_Uncharacterized_127	Dgr	Drosophila grimshawi	CPR	0.0	None	0.0	None	0.0	0.0	no_confident_CPAP_hit	low	no_confident_hit	no_ChtBD2_support	298	0	0	0	0	0	0	0	NA	NA	NA	NA	NA
Dgr_CPR_Uncharacterized_13	CPR_Uncharacterized_13	Dgr	Drosophila grimshawi	CPR	0.0	None	0.0	None	0.0	0.0	no_confident_CPAP_hit	low	no_confident_hit	no_ChtBD2_support	147	0	0	0	0	0	0	0	NA	NA	NA	NA	NA
Dgr_CPR_Uncharacterized_133	CPR_Uncharacterized_133	Dgr	Drosophila grimshawi	CPR	0.0	None	0.0	None	0.0	0.0	no_confident_CPAP_hit	low	no_confident_hit	no_ChtBD2_support	297	0	0	0	0	0	0	0	NA	NA	NA	NA	NA
Dgr_CPR_Uncharacterized_14	CPR_Uncharacterized_14	Dgr	Drosophila grimshawi	CPR	0.0	None	0.0	None	0.0	0.0	no_confident_CPAP_hit	low	no_confident_hit	no_ChtBD2_support	167	1	0	0	0	0	0	0	NA	NA	NA	NA	NA
Dgr_CPR_Uncharacterized_15	CPR_Uncharacterized_15	Dgr	Drosophila grimshawi	CPR	0.0	None	0.0	None	0.0	0.0	no_confident_CPAP_hit	low	no_confident_hit	no_ChtBD2_support	94	0	0	0	0	0	0	0	NA	NA	NA	NA	NA
Dgr_CPR_Uncharacterized_19	CPR_Uncharacterized_19	Dgr	Drosophila grimshawi	CPR	0.0	None	0.0	None	0.0	0.0	no_confident_CPAP_hit	low	no_confident_hit	no_ChtBD2_support	138	3	0	0	0	0	0	0	NA	NA	NA	NA	NA
Dgr_CPR_Uncharacterized_2	CPR_Uncharacterized_2	Dgr	Drosophila grimshawi	CPR	0.0	None	0.0	None	0.0	0.0	no_confident_CPAP_hit	low	no_confident_hit	no_ChtBD2_support	235	0	0	0	0	0	0	0	NA	NA	NA	NA	NA
Dgr_CPR_Uncharacterized_20	CPR_Uncharacterized_20	Dgr	Drosophila grimshawi	CPR	0.0	None	0.0	None	0.0	0.0	no_confident_CPAP_hit	low	no_confident_hit	no_ChtBD2_support	114	2	0	0	0	0	0	0	NA	NA	NA	NA	NA
Dgr_CPR_Uncharacterized_22	CPR_Uncharacterized_22	Dgr	Drosophila grimshawi	CPR	0.0	None	0.0	None	0.0	0.0	no_confident_CPAP_hit	low	no_confident_hit	no_ChtBD2_support	114	1	0	0	0	0	0	0	NA	NA	NA	NA	NA
Dgr_CPR_Uncharacterized_23	CPR_Uncharacterized_23	Dgr	Drosophila grimshawi	CPR	0.0	None	0.0	None	0.0	0.0	no_confident_CPAP_hit	low	no_confident_hit	no_ChtBD2_support	99	0	0	0	0	0	0	0	NA	NA	NA	NA	NA
Dgr_CPR_Uncharacterized_25	CPR_Uncharacterized_25	Dgr	Drosophila grimshawi	CPR	0.0	None	0.0	None	0.0	0.0	no_confident_CPAP_hit	low	no_confident_hit	no_ChtBD2_support	101	0	0	0	0	0	0	0	NA	NA	NA	NA	NA
Dgr_CPR_Uncharacterized_26	CPR_Uncharacterized_26	Dgr	Drosophila grimshawi	CPR	0.0	None	0.0	None	0.0	0.0	no_confident_CPAP_hit	low	no_confident_hit	no_ChtBD2_support	94	0	0	0	0	0	0	0	NA	NA	NA	NA	NA
Dgr_CPR_Uncharacterized_27	CPR_Uncharacterized_27	Dgr	Drosophila grimshawi	CPR	0.0	None	0.0	None	0.0	0.0	no_confident_CPAP_hit	low	no_confident_hit	no_ChtBD2_support	96	0	0	0	0	0	0	0	NA	NA	NA	NA	NA
Dgr_CPR_Uncharacterized_28	CPR_Uncharacterized_28	Dgr	Drosophila grimshawi	CPR	0.0	None	0.0	None	0.0	0.0	no_confident_CPAP_hit	low	no_confident_hit	no_ChtBD2_support	99	0	0	0	0	0	0	0	NA	NA	NA	NA	NA
Dgr_CPR_Uncharacterized_29	CPR_Uncharacterized_29	Dgr	Drosophila grimshawi	CPR	0.0	None	0.0	None	0.0	0.0	no_confident_CPAP_hit	low	no_confident_hit	no_ChtBD2_support	104	4	0	0	0	0	0	0	NA	NA	NA	NA	NA
Dgr_CPR_Uncharacterized_30	CPR_Uncharacterized_30	Dgr	Drosophila grimshawi	CPR	0.0	None	0.0	None	0.0	0.0	no_confident_CPAP_hit	low	no_confident_hit	no_ChtBD2_support	175	2	0	0	0	0	0	0	NA	NA	NA	NA	NA
Dgr_CPR_Uncharacterized_31	CPR_Uncharacterized_31	Dgr	Drosophila grimshawi	CPR	0.0	None	0.0	None	0.0	0.0	no_confident_CPAP_hit	low	no_confident_hit	no_ChtBD2_support	103	0	0	0	0	0	0	0	NA	NA	NA	NA	NA
Dgr_CPR_Uncharacterized_32	CPR_Uncharacterized_32	Dgr	Drosophila grimshawi	CPR	0.0	None	0.0	None	0.0	0.0	no_confident_CPAP_hit	low	no_confident_hit	no_ChtBD2_support	110	0	0	0	0	0	0	0	NA	NA	NA	NA	NA
Dgr_CPR_Uncharacterized_33	CPR_Uncharacterized_33	Dgr	Drosophila grimshawi	CPR	0.0	None	0.0	None	0.0	0.0	no_confident_CPAP_hit	low	no_confident_hit	no_ChtBD2_support	245	3	0	0	0	0	0	0	NA	NA	NA	NA	NA
Dgr_CPR_Uncharacterized_34	CPR_Uncharacterized_34	Dgr	Drosophila grimshawi	CPR	0.0	None	0.0	None	0.0	0.0	no_confident_CPAP_hit	low	no_confident_hit	no_ChtBD2_support	106	0	0	0	0	0	0	0	NA	NA	NA	NA	NA
Dgr_CPR_Uncharacterized_35	CPR_Uncharacterized_35	Dgr	Drosophila grimshawi	CPR	0.0	None	0.0	None	0.0	0.0	no_confident_CPAP_hit	low	no_confident_hit	no_ChtBD2_support	106	0	0	0	0	0	0	0	NA	NA	NA	NA	NA
Dgr_CPR_Uncharacterized_36	CPR_Uncharacterized_36	Dgr	Drosophila grimshawi	CPR	0.0	None	0.0	None	0.0	0.0	no_confident_CPAP_hit	low	no_confident_hit	no_ChtBD2_support	230	0	0	0	0	0	0	0	NA	NA	NA	NA	NA
Dgr_CPR_Uncharacterized_37	CPR_Uncharacterized_37	Dgr	Drosophila grimshawi	CPR	0.0	None	0.0	None	0.0	0.0	no_confident_CPAP_hit	low	no_confident_hit	no_ChtBD2_support	216	1	0	0	0	0	0	0	NA	NA	NA	NA	NA
Dgr_CPR_Uncharacterized_38	CPR_Uncharacterized_38	Dgr	Drosophila grimshawi	CPR	8.4	0.16	0.0	None	8.4	8.4	no_confident_CPAP_hit	low	no_confident_hit	no_ChtBD2_support	289	1	0	0	0	0	0	0	NA	NA	NA	NA	NA
Dgr_CPR_Uncharacterized_39	CPR_Uncharacterized_39	Dgr	Drosophila grimshawi	CPR	0.0	None	0.0	None	0.0	0.0	no_confident_CPAP_hit	low	no_confident_hit	no_ChtBD2_support	200	0	0	0	0	0	0	0	NA	NA	NA	NA	NA
Dgr_CPR_Uncharacterized_4	CPR_Uncharacterized_4	Dgr	Drosophila grimshawi	CPR	0.0	None	0.0	None	0.0	0.0	no_confident_CPAP_hit	low	no_confident_hit	no_ChtBD2_support	112	0	0	0	0	0	0	0	NA	NA	NA	NA	NA
Dgr_CPR_Uncharacterized_40	CPR_Uncharacterized_40	Dgr	Drosophila grimshawi	CPR	0.0	None	0.0	None	0.0	0.0	no_confident_CPAP_hit	low	no_confident_hit	no_ChtBD2_support	117	2	0	0	0	0	0	0	NA	NA	NA	NA	NA
Dgr_CPR_Uncharacterized_41	CPR_Uncharacterized_41	Dgr	Drosophila grimshawi	CPR	0.0	None	0.0	None	0.0	0.0	no_confident_CPAP_hit	low	no_confident_hit	no_ChtBD2_support	174	1	0	0	0	0	0	0	NA	NA	NA	NA	NA
Dgr_CPR_Uncharacterized_43	CPR_Uncharacterized_43	Dgr	Drosophila grimshawi	CPR	0.0	None	0.0	None	0.0	0.0	no_confident_CPAP_hit	low	no_confident_hit	no_ChtBD2_support	119	2	0	0	0	0	0	0	NA	NA	NA	NA	NA
Dgr_CPR_Uncharacterized_44	CPR_Uncharacterized_44	Dgr	Drosophila grimshawi	CPR	0.0	None	0.0	None	0.0	0.0	no_confident_CPAP_hit	low	no_confident_hit	no_ChtBD2_support	149	1	0	0	0	0	0	0	NA	NA	NA	NA	NA
Dgr_CPR_Uncharacterized_45	CPR_Uncharacterized_45	Dgr	Drosophila grimshawi	CPR	0.0	None	0.0	None	0.0	0.0	no_confident_CPAP_hit	low	no_confident_hit	no_ChtBD2_support	114	0	0	0	0	0	0	0	NA	NA	NA	NA	NA
Dgr_CPR_Uncharacterized_46	CPR_Uncharacterized_46	Dgr	Drosophila grimshawi	CPR	0.0	None	0.0	None	0.0	0.0	no_confident_CPAP_hit	low	no_confident_hit	no_ChtBD2_support	153	0	0	0	0	0	0	0	NA	NA	NA	NA	NA
Dgr_CPR_Uncharacterized_47	CPR_Uncharacterized_47	Dgr	Drosophila grimshawi	CPR	0.0	None	0.0	None	0.0	0.0	no_confident_CPAP_hit	low	no_confident_hit	no_ChtBD2_support	127	1	0	0	0	0	0	0	NA	NA	NA	NA	NA
Dgr_CPR_Uncharacterized_48	CPR_Uncharacterized_48	Dgr	Drosophila grimshawi	CPR	0.0	None	0.0	None	0.0	0.0	no_confident_CPAP_hit	low	no_confident_hit	no_ChtBD2_support	112	0	0	0	0	0	0	0	NA	NA	NA	NA	NA
Dgr_CPR_Uncharacterized_49	CPR_Uncharacterized_49	Dgr	Drosophila grimshawi	CPR	0.0	None	0.0	None	0.0	0.0	no_confident_CPAP_hit	low	no_confident_hit	no_ChtBD2_support	163	1	0	0	0	0	0	0	NA	NA	NA	NA	NA
Dgr_CPR_Uncharacterized_5	CPR_Uncharacterized_5	Dgr	Drosophila grimshawi	CPR	0.0	None	0.0	None	0.0	0.0	no_confident_CPAP_hit	low	no_confident_hit	no_ChtBD2_support	216	1	0	0	0	0	0	0	NA	NA	NA	NA	NA
Dgr_CPR_Uncharacterized_50	CPR_Uncharacterized_50	Dgr	Drosophila grimshawi	CPR	0.0	None	0.0	None	0.0	0.0	no_confident_CPAP_hit	low	no_confident_hit	no_ChtBD2_support	116	3	0	0	0	0	0	0	NA	NA	NA	NA	NA
Dgr_CPR_Uncharacterized_51	CPR_Uncharacterized_51	Dgr	Drosophila grimshawi	CPR	0.0	None	0.0	None	0.0	0.0	no_confident_CPAP_hit	low	no_confident_hit	no_ChtBD2_support	250	0	0	0	0	0	0	0	NA	NA	NA	NA	NA
Dgr_CPR_Uncharacterized_52	CPR_Uncharacterized_52	Dgr	Drosophila grimshawi	CPR	0.0	None	0.0	None	0.0	0.0	no_confident_CPAP_hit	low	no_confident_hit	no_ChtBD2_support	382	0	0	0	0	0	0	0	NA	NA	NA	NA	NA
Dgr_CPR_Uncharacterized_53	CPR_Uncharacterized_53	Dgr	Drosophila grimshawi	CPR	0.0	None	0.0	None	0.0	0.0	no_confident_CPAP_hit	low	no_confident_hit	no_ChtBD2_support	127	3	0	0	0	0	0	0	NA	NA	NA	NA	NA
Dgr_CPR_Uncharacterized_54	CPR_Uncharacterized_54	Dgr	Drosophila grimshawi	CPR	0.0	None	0.0	None	0.0	0.0	no_confident_CPAP_hit	low	no_confident_hit	no_ChtBD2_support	167	1	0	0	0	0	0	0	NA	NA	NA	NA	NA
Dgr_CPR_Uncharacterized_56	CPR_Uncharacterized_56	Dgr	Drosophila grimshawi	CPR	0.0	None	0.0	None	0.0	0.0	no_confident_CPAP_hit	low	no_confident_hit	no_ChtBD2_support	179	6	0	0	0	0	0	0	37	37	1,18,0,8,9	5	46
Dgr_CPR_Uncharacterized_59	CPR_Uncharacterized_59	Dgr	Drosophila grimshawi	CPR	0.0	None	0.0	None	0.0	0.0	no_confident_CPAP_hit	low	no_confident_hit	no_ChtBD2_support	139	1	0	0	0	0	0	0	NA	NA	NA	NA	NA
Dgr_CPR_Uncharacterized_6	CPR_Uncharacterized_6	Dgr	Drosophila grimshawi	CPR	0.0	None	0.0	None	0.0	0.0	no_confident_CPAP_hit	low	no_confident_hit	no_ChtBD2_support	244	0	0	0	0	0	0	0	NA	NA	NA	NA	NA
Dgr_CPR_Uncharacterized_60	CPR_Uncharacterized_60	Dgr	Drosophila grimshawi	CPR	0.0	None	0.0	None	0.0	0.0	no_confident_CPAP_hit	low	no_confident_hit	no_ChtBD2_support	182	1	0	0	0	0	0	0	NA	NA	NA	NA	NA
Dgr_CPR_Uncharacterized_61	CPR_Uncharacterized_61	Dgr	Drosophila grimshawi	CPR	0.0	None	0.0	None	0.0	0.0	no_confident_CPAP_hit	low	no_confident_hit	no_ChtBD2_support	153	1	0	0	0	0	0	0	NA	NA	NA	NA	NA
Dgr_CPR_Uncharacterized_62	CPR_Uncharacterized_62	Dgr	Drosophila grimshawi	CPR	0.0	None	0.0	None	0.0	0.0	no_confident_CPAP_hit	low	no_confident_hit	no_ChtBD2_support	110	1	0	0	0	0	0	0	NA	NA	NA	NA	NA
Dgr_CPR_Uncharacterized_64	CPR_Uncharacterized_64	Dgr	Drosophila grimshawi	CPR	0.0	None	0.0	None	0.0	0.0	no_confident_CPAP_hit	low	no_confident_hit	no_ChtBD2_support	175	0	0	0	0	0	0	0	NA	NA	NA	NA	NA
Dgr_CPR_Uncharacterized_65	CPR_Uncharacterized_65	Dgr	Drosophila grimshawi	CPR	0.0	None	0.0	None	0.0	0.0	no_confident_CPAP_hit	low	no_confident_hit	no_ChtBD2_support	174	0	0	0	0	0	0	0	NA	NA	NA	NA	NA
Dgr_CPR_Uncharacterized_66	CPR_Uncharacterized_66	Dgr	Drosophila grimshawi	CPR	0.0	None	0.0	None	0.0	0.0	no_confident_CPAP_hit	low	no_confident_hit	no_ChtBD2_support	238	3	0	0	0	0	0	0	NA	NA	NA	NA	NA
Dgr_CPR_Uncharacterized_67	CPR_Uncharacterized_67	Dgr	Drosophila grimshawi	CPR	0.0	None	0.0	None	0.0	0.0	no_confident_CPAP_hit	low	no_confident_hit	no_ChtBD2_support	261	0	0	0	0	0	0	0	NA	NA	NA	NA	NA
Dgr_CPR_Uncharacterized_7	CPR_Uncharacterized_7	Dgr	Drosophila grimshawi	CPR	0.0	None	0.0	None	0.0	0.0	no_confident_CPAP_hit	low	no_confident_hit	no_ChtBD2_support	227	0	0	0	0	0	0	0	NA	NA	NA	NA	NA
Dgr_CPR_Uncharacterized_70	CPR_Uncharacterized_70	Dgr	Drosophila grimshawi	CPR	0.0	None	0.0	None	0.0	0.0	no_confident_CPAP_hit	low	no_confident_hit	no_ChtBD2_support	193	0	0	0	0	0	0	0	NA	NA	NA	NA	NA
Dgr_CPR_Uncharacterized_72	CPR_Uncharacterized_72	Dgr	Drosophila grimshawi	CPR	0.0	None	0.0	None	0.0	0.0	no_confident_CPAP_hit	low	no_confident_hit	no_ChtBD2_support	261	0	0	0	0	0	0	0	NA	NA	NA	NA	NA
Dgr_CPR_Uncharacterized_73	CPR_Uncharacterized_73	Dgr	Drosophila grimshawi	CPR	0.0	None	0.0	None	0.0	0.0	no_confident_CPAP_hit	low	no_confident_hit	no_ChtBD2_support	153	0	0	0	0	0	0	0	NA	NA	NA	NA	NA
Dgr_CPR_Uncharacterized_74	CPR_Uncharacterized_74	Dgr	Drosophila grimshawi	CPR	0.0	None	0.0	None	0.0	0.0	no_confident_CPAP_hit	low	no_confident_hit	no_ChtBD2_support	293	0	0	0	0	0	0	0	NA	NA	NA	NA	NA
Dgr_CPR_Uncharacterized_75	CPR_Uncharacterized_75	Dgr	Drosophila grimshawi	CPR	0.0	None	0.0	None	0.0	0.0	no_confident_CPAP_hit	low	no_confident_hit	no_ChtBD2_support	108	0	0	0	0	0	0	0	NA	NA	NA	NA	NA
Dgr_CPR_Uncharacterized_76	CPR_Uncharacterized_76	Dgr	Drosophila grimshawi	CPR	0.0	None	0.0	None	0.0	0.0	no_confident_CPAP_hit	low	no_confident_hit	no_ChtBD2_support	108	0	0	0	0	0	0	0	NA	NA	NA	NA	NA
Dgr_CPR_Uncharacterized_77	CPR_Uncharacterized_77	Dgr	Drosophila grimshawi	CPR	0.0	None	0.0	None	0.0	0.0	no_confident_CPAP_hit	low	no_confident_hit	no_ChtBD2_support	518	0	0	0	0	0	0	0	NA	NA	NA	NA	NA
Dgr_CPR_Uncharacterized_79	CPR_Uncharacterized_79	Dgr	Drosophila grimshawi	CPR	0.0	None	0.0	None	0.0	0.0	no_confident_CPAP_hit	low	no_confident_hit	no_ChtBD2_support	139	2	0	0	0	0	0	0	NA	NA	NA	NA	NA
Dgr_CPR_Uncharacterized_8	CPR_Uncharacterized_8	Dgr	Drosophila grimshawi	CPR	0.0	None	0.0	None	0.0	0.0	no_confident_CPAP_hit	low	no_confident_hit	no_ChtBD2_support	227	0	0	0	0	0	0	0	NA	NA	NA	NA	NA
Dgr_CPR_Uncharacterized_80	CPR_Uncharacterized_80	Dgr	Drosophila grimshawi	CPR	0.0	None	0.0	None	0.0	0.0	no_confident_CPAP_hit	low	no_confident_hit	no_ChtBD2_support	90	0	0	0	0	0	0	0	NA	NA	NA	NA	NA
Dgr_CPR_Uncharacterized_82	CPR_Uncharacterized_82	Dgr	Drosophila grimshawi	CPR	0.0	None	0.0	None	0.0	0.0	no_confident_CPAP_hit	low	no_confident_hit	no_ChtBD2_support	125	0	0	0	0	0	0	0	NA	NA	NA	NA	NA
Dgr_CPR_Uncharacterized_83	CPR_Uncharacterized_83	Dgr	Drosophila grimshawi	CPR	0.0	None	0.0	None	0.0	0.0	no_confident_CPAP_hit	low	no_confident_hit	no_ChtBD2_support	188	1	0	0	0	0	0	0	NA	NA	NA	NA	NA
Dgr_CPR_Uncharacterized_84	CPR_Uncharacterized_84	Dgr	Drosophila grimshawi	CPR	0.0	None	0.0	None	0.0	0.0	no_confident_CPAP_hit	low	no_confident_hit	no_ChtBD2_support	134	2	0	0	0	0	0	0	NA	NA	NA	NA	NA
Dgr_CPR_Uncharacterized_85	CPR_Uncharacterized_85	Dgr	Drosophila grimshawi	CPR	0.0	None	0.0	None	0.0	0.0	no_confident_CPAP_hit	low	no_confident_hit	no_ChtBD2_support	88	0	0	0	0	0	0	0	NA	NA	NA	NA	NA
Dgr_CPR_Uncharacterized_86	CPR_Uncharacterized_86	Dgr	Drosophila grimshawi	CPR	0.0	None	0.0	None	0.0	0.0	no_confident_CPAP_hit	low	no_confident_hit	no_ChtBD2_support	89	0	0	0	0	0	0	0	NA	NA	NA	NA	NA
Dgr_CPR_Uncharacterized_87	CPR_Uncharacterized_87	Dgr	Drosophila grimshawi	CPR	0.0	None	0.0	None	0.0	0.0	no_confident_CPAP_hit	low	no_confident_hit	no_ChtBD2_support	140	3	0	0	0	0	0	0	NA	NA	NA	NA	NA
Dgr_CPR_Uncharacterized_89	CPR_Uncharacterized_89	Dgr	Drosophila grimshawi	CPR	0.0	None	0.0	None	0.0	0.0	no_confident_CPAP_hit	low	no_confident_hit	no_ChtBD2_support	225	0	0	0	0	0	0	0	NA	NA	NA	NA	NA
Dgr_CPR_Uncharacterized_9	CPR_Uncharacterized_9	Dgr	Drosophila grimshawi	CPR	0.0	None	0.0	None	0.0	0.0	no_confident_CPAP_hit	low	no_confident_hit	no_ChtBD2_support	219	1	0	0	0	0	0	0	NA	NA	NA	NA	NA
Dgr_CPR_Uncharacterized_90	CPR_Uncharacterized_90	Dgr	Drosophila grimshawi	CPR	0.0	None	0.0	None	0.0	0.0	no_confident_CPAP_hit	low	no_confident_hit	no_ChtBD2_support	236	0	0	0	0	0	0	0	NA	NA	NA	NA	NA
Dgr_CPR_Uncharacterized_91	CPR_Uncharacterized_91	Dgr	Drosophila grimshawi	CPR	0.0	None	0.0	None	0.0	0.0	no_confident_CPAP_hit	low	no_confident_hit	no_ChtBD2_support	135	4	0	0	0	0	0	0	NA	NA	NA	NA	NA
Dgr_CPR_Uncharacterized_93	CPR_Uncharacterized_93	Dgr	Drosophila grimshawi	CPR	0.0	None	0.0	None	0.0	0.0	no_confident_CPAP_hit	low	no_confident_hit	no_ChtBD2_support	165	2	0	0	0	0	0	0	NA	NA	NA	NA	NA
Dgr_CPR_Uncharacterized_94	CPR_Uncharacterized_94	Dgr	Drosophila grimshawi	CPR	0.0	None	0.0	None	0.0	0.0	no_confident_CPAP_hit	low	no_confident_hit	no_ChtBD2_support	123	0	0	0	0	0	0	0	NA	NA	NA	NA	NA
Dgr_CPR_Uncharacterized_95	CPR_Uncharacterized_95	Dgr	Drosophila grimshawi	CPR	0.0	None	0.0	None	0.0	0.0	no_confident_CPAP_hit	low	no_confident_hit	no_ChtBD2_support	89	2	0	0	0	0	0	0	NA	NA	NA	NA	NA
Dgr_CPR_Uncharacterized_96	CPR_Uncharacterized_96	Dgr	Drosophila grimshawi	CPR	0.0	None	0.0	None	0.0	0.0	no_confident_CPAP_hit	low	no_confident_hit	no_ChtBD2_support	214	2	0	0	0	0	0	0	NA	NA	NA	NA	NA
Dgr_CPR_Uncharacterized_97	CPR_Uncharacterized_97	Dgr	Drosophila grimshawi	CPR	0.0	None	0.0	None	0.0	0.0	no_confident_CPAP_hit	low	no_confident_hit	no_ChtBD2_support	121	1	0	0	0	0	0	0	NA	NA	NA	NA	NA
Dgr_CPR_Uncharacterized_98	CPR_Uncharacterized_98	Dgr	Drosophila grimshawi	CPR	0.0	None	0.0	None	0.0	0.0	no_confident_CPAP_hit	low	no_confident_hit	no_ChtBD2_support	322	0	0	0	0	0	0	0	NA	NA	NA	NA	NA
Dgr_CPR_Uncharacterized_A	CPR_Uncharacterized_A	Dgr	Drosophila grimshawi	CPR	0.0	None	0.0	None	0.0	0.0	no_confident_CPAP_hit	low	no_confident_hit	no_ChtBD2_support	246	1	0	0	0	0	0	0	NA	NA	NA	NA	NA
Dgr_CPR_Uncharacterized_B	CPR_Uncharacterized_B	Dgr	Drosophila grimshawi	CPR	0.0	None	0.0	None	0.0	0.0	no_confident_CPAP_hit	low	no_confident_hit	no_ChtBD2_support	278	4	0	0	0	0	0	0	NA	NA	NA	NA	NA
Dgr_Tweedle1	Tweedle1	Dgr	Drosophila grimshawi	Tweedle	0.0	None	0.0	None	0.0	0.0	no_confident_CPAP_hit	low	no_confident_hit	no_ChtBD2_support	300	0	0	0	0	0	0	0	NA	NA	NA	NA	NA
Dgr_Tweedle10	Tweedle10	Dgr	Drosophila grimshawi	Tweedle	0.0	None	0.0	None	0.0	0.0	no_confident_CPAP_hit	low	no_confident_hit	no_ChtBD2_support	273	1	0	0	0	0	0	0	NA	NA	NA	NA	NA
Dgr_Tweedle11	Tweedle11	Dgr	Drosophila grimshawi	Tweedle	0.0	None	0.0	None	0.0	0.0	no_confident_CPAP_hit	low	no_confident_hit	no_ChtBD2_support	228	2	0	0	0	0	0	0	NA	NA	NA	NA	NA
Dgr_Tweedle12	Tweedle12	Dgr	Drosophila grimshawi	Tweedle	0.0	None	0.0	None	0.0	0.0	no_confident_CPAP_hit	low	no_confident_hit	no_ChtBD2_support	312	2	0	0	0	0	0	0	NA	NA	NA	NA	NA
Dgr_Tweedle13	Tweedle13	Dgr	Drosophila grimshawi	Tweedle	0.0	None	0.0	None	0.0	0.0	no_confident_CPAP_hit	low	no_confident_hit	no_ChtBD2_support	266	2	0	0	0	0	0	0	NA	NA	NA	NA	NA
Dgr_Tweedle14	Tweedle14	Dgr	Drosophila grimshawi	Tweedle	0.0	None	0.0	None	0.0	0.0	no_confident_CPAP_hit	low	no_confident_hit	no_ChtBD2_support	223	1	0	0	0	0	0	0	NA	NA	NA	NA	NA
Dgr_Tweedle15	Tweedle15	Dgr	Drosophila grimshawi	Tweedle	0.0	None	0.0	None	0.0	0.0	no_confident_CPAP_hit	low	no_confident_hit	no_ChtBD2_support	308	2	0	0	0	0	0	0	NA	NA	NA	NA	NA
Dgr_Tweedle16	Tweedle16	Dgr	Drosophila grimshawi	Tweedle	0.0	None	0.0	None	0.0	0.0	no_confident_CPAP_hit	low	no_confident_hit	no_ChtBD2_support	293	1	0	0	0	0	0	0	NA	NA	NA	NA	NA
Dgr_Tweedle17	Tweedle17	Dgr	Drosophila grimshawi	Tweedle	0.0	None	0.0	None	0.0	0.0	no_confident_CPAP_hit	low	no_confident_hit	no_ChtBD2_support	365	0	0	0	0	0	0	0	NA	NA	NA	NA	NA
Dgr_Tweedle18	Tweedle18	Dgr	Drosophila grimshawi	Tweedle	0.0	None	0.0	None	0.0	0.0	no_confident_CPAP_hit	low	no_confident_hit	no_ChtBD2_support	282	1	0	0	0	0	0	0	NA	NA	NA	NA	NA
Dgr_Tweedle19	Tweedle19	Dgr	Drosophila grimshawi	Tweedle	0.0	None	0.0	None	0.0	0.0	no_confident_CPAP_hit	low	no_confident_hit	no_ChtBD2_support	273	0	0	0	0	0	0	0	NA	NA	NA	NA	NA
Dgr_Tweedle2	Tweedle2	Dgr	Drosophila grimshawi	Tweedle	0.0	None	0.0	None	0.0	0.0	no_confident_CPAP_hit	low	no_confident_hit	no_ChtBD2_support	250	2	0	0	0	0	0	0	NA	NA	NA	NA	NA
Dgr_Tweedle20	Tweedle20	Dgr	Drosophila grimshawi	Tweedle	0.0	None	0.0	None	0.0	0.0	no_confident_CPAP_hit	low	no_confident_hit	no_ChtBD2_support	361	0	0	0	0	0	0	0	NA	NA	NA	NA	NA
Dgr_Tweedle21	Tweedle21	Dgr	Drosophila grimshawi	Tweedle	0.0	None	0.0	None	0.0	0.0	no_confident_CPAP_hit	low	no_confident_hit	no_ChtBD2_support	202	1	0	0	0	0	0	0	NA	NA	NA	NA	NA
Dgr_Tweedle22	Tweedle22	Dgr	Drosophila grimshawi	Tweedle	0.0	None	0.0	None	0.0	0.0	no_confident_CPAP_hit	low	no_confident_hit	no_ChtBD2_support	193	1	0	0	0	0	0	0	NA	NA	NA	NA	NA
Dgr_Tweedle23	Tweedle23	Dgr	Drosophila grimshawi	Tweedle	0.0	None	0.0	None	0.0	0.0	no_confident_CPAP_hit	low	no_confident_hit	no_ChtBD2_support	382	1	0	0	0	0	0	0	NA	NA	NA	NA	NA
Dgr_Tweedle24	Tweedle24	Dgr	Drosophila grimshawi	Tweedle	0.0	None	0.0	None	0.0	0.0	no_confident_CPAP_hit	low	no_confident_hit	no_ChtBD2_support	210	0	0	0	0	0	0	0	NA	NA	NA	NA	NA
Dgr_Tweedle25	Tweedle25	Dgr	Drosophila grimshawi	Tweedle	0.0	None	0.0	None	0.0	0.0	no_confident_CPAP_hit	low	no_confident_hit	no_ChtBD2_support	218	0	0	0	0	0	0	0	NA	NA	NA	NA	NA
Dgr_Tweedle26	Tweedle26	Dgr	Drosophila grimshawi	Tweedle	0.0	None	0.0	None	0.0	0.0	no_confident_CPAP_hit	low	no_confident_hit	no_ChtBD2_support	414	2	0	0	0	0	0	0	NA	NA	NA	NA	NA
Dgr_Tweedle27	Tweedle27	Dgr	Drosophila grimshawi	Tweedle	0.0	None	0.0	None	0.0	0.0	no_confident_CPAP_hit	low	no_confident_hit	no_ChtBD2_support	190	0	0	0	0	0	0	0	NA	NA	NA	NA	NA
Dgr_Tweedle3	Tweedle3	Dgr	Drosophila grimshawi	Tweedle	0.0	None	0.0	None	0.0	0.0	no_confident_CPAP_hit	low	no_confident_hit	no_ChtBD2_support	244	0	0	0	0	0	0	0	NA	NA	NA	NA	NA
Dgr_Tweedle4	Tweedle4	Dgr	Drosophila grimshawi	Tweedle	0.0	None	0.0	None	0.0	0.0	no_confident_CPAP_hit	low	no_confident_hit	no_ChtBD2_support	299	5	0	0	0	0	0	0	NA	NA	NA	NA	NA
Dgr_Tweedle5	Tweedle5	Dgr	Drosophila grimshawi	Tweedle	0.0	None	0.0	None	0.0	0.0	no_confident_CPAP_hit	low	no_confident_hit	no_ChtBD2_support	230	1	0	0	0	0	0	0	NA	NA	NA	NA	NA
Dgr_Tweedle6	Tweedle6	Dgr	Drosophila grimshawi	Tweedle	0.0	None	0.0	None	0.0	0.0	no_confident_CPAP_hit	low	no_confident_hit	no_ChtBD2_support	237	0	0	0	0	0	0	0	NA	NA	NA	NA	NA
Dgr_Tweedle7	Tweedle7	Dgr	Drosophila grimshawi	Tweedle	0.0	None	0.0	None	0.0	0.0	no_confident_CPAP_hit	low	no_confident_hit	no_ChtBD2_support	308	1	0	0	0	0	0	0	NA	NA	NA	NA	NA
Dgr_Tweedle8	Tweedle8	Dgr	Drosophila grimshawi	Tweedle	0.0	None	0.0	None	0.0	0.0	no_confident_CPAP_hit	low	no_confident_hit	no_ChtBD2_support	296	2	0	0	0	0	0	0	NA	NA	NA	NA	NA
Dgr_Tweedle9	Tweedle9	Dgr	Drosophila grimshawi	Tweedle	0.0	None	0.0	None	0.0	0.0	no_confident_CPAP_hit	low	no_confident_hit	no_ChtBD2_support	286	3	0	0	0	0	0	0	NA	NA	NA	NA	NA
Dma_A0A0A7CK57	A0A0A7CK57	Dma	Daphnia magna	NULL	0.0	None	0.0	None	0.0	0.0	no_confident_CPAP_hit	low	no_confident_hit	no_ChtBD2_support	281	6	0	0	0	0	0	0	127	115	24,24,100,8,14	101	276
Dma_A0A0N7ZEQ8	A0A0N7ZEQ8	Dma	Daphnia magna	NULL	0.0	None	0.0	None	0.0	0.0	no_confident_CPAP_hit	low	no_confident_hit	no_ChtBD2_support	3051	27	0	0	0	0	0	0	180	168	62,71,61,28,1	2806	3034
Dma_A0A0N7ZV12	A0A0N7ZV12	Dma	Daphnia magna	NULL	0.0	None	0.0	None	0.0	0.0	no_confident_CPAP_hit	low	no_confident_hit	no_ChtBD2_support	966	23	0	0	0	0	0	0	11	11	9,5,14,9,0	184	226
Dma_A0A0N7ZXU0	A0A0N7ZXU0	Dma	Daphnia magna	NULL	0.0	None	0.0	None	0.0	0.0	no_confident_CPAP_hit	low	no_confident_hit	no_ChtBD2_support	300	3	0	0	0	0	0	0	NA	NA	NA	NA	NA
Dma_A0A0N8A0T1	A0A0N8A0T1	Dma	Daphnia magna	NULL	0.0	None	0.0	None	0.0	0.0	no_confident_CPAP_hit	low	no_confident_hit	no_ChtBD2_support	777	11	0	0	0	0	0	0	115	103	71,4,17,7,55	14	173
Dma_A0A0N8A5S5	A0A0N8A5S5	Dma	Daphnia magna	NULL	0.0	None	0.0	None	0.0	0.0	no_confident_CPAP_hit	low	no_confident_hit	no_ChtBD2_support	16143	157	0	0	0	0	0	0	74	68	18,33,16,38,24	1524	1658
Dma_A0A0N8AFU1	A0A0N8AFU1	Dma	Daphnia magna	NULL	0.0	None	0.0	None	0.0	0.0	no_confident_CPAP_hit	low	no_confident_hit	no_ChtBD2_support	304	2	0	0	0	0	0	0	NA	NA	NA	NA	NA
Dma_A0A0N8AIP1	A0A0N8AIP1	Dma	Daphnia magna	NULL	8.9	0.12	38.8	8.3e-11	-29.9	38.8	no_confident_CPAP_hit	low	no_confident_hit	ChtBD2_like_but_no_confident_CPAP_HMM	868	12	1	1	2	1	1	2	0	0	11,5,13,12,7	662	715
Dma_A0A0N8AIV3	A0A0N8AIV3	Dma	Daphnia magna	NULL	0.0	None	0.0	None	0.0	0.0	no_confident_CPAP_hit	low	no_confident_hit	no_ChtBD2_support	848	17	0	0	0	0	0	0	62	62	10,18,13,64,8	248	366
Dma_A0A0N8B736	A0A0N8B736	Dma	Daphnia magna	NULL	0.0	None	0.0	None	0.0	0.0	no_confident_CPAP_hit	low	no_confident_hit	no_ChtBD2_support	320	5	0	0	0	0	0	0	NA	NA	NA	NA	NA
Dma_A0A0N8BB85	A0A0N8BB85	Dma	Daphnia magna	NULL	0.0	None	0.0	None	0.0	0.0	no_confident_CPAP_hit	low	no_confident_hit	no_ChtBD2_support	463	7	0	0	0	0	0	0	263	251	171,79,6,8,31	111	411
Dma_A0A0N8BCV5_Obst-A	A0A0N8BCV5_Obst-A	Dma	Daphnia magna	NULL	0.0	None	0.0	None	0.0	0.0	no_confident_CPAP_hit	low	no_confident_hit	ChtBD2_like_but_no_confident_CPAP_HMM	327	15	0	0	1	0	0	1	14	7	19,8,15,15,11	252	325
Dma_A0A0N8BD27	A0A0N8BD27	Dma	Daphnia magna	NULL	0.0	None	0.0	None	0.0	0.0	no_confident_CPAP_hit	low	no_confident_hit	no_ChtBD2_support	1701	12	0	0	0	0	0	0	221	211	22,76,6,85,76	362	632
Dma_A0A0N8BLW1	A0A0N8BLW1	Dma	Daphnia magna	NULL	0.0	None	0.0	None	0.0	0.0	no_confident_CPAP_hit	low	no_confident_hit	no_ChtBD2_support	356	15	0	0	0	0	0	0	18	14	16,1,13,8,14	187	244
Dma_A0A0N8C5H6	A0A0N8C5H6	Dma	Daphnia magna	NULL	0.0	None	0.0	None	0.0	0.0	no_confident_CPAP_hit	low	no_confident_hit	no_ChtBD2_support	210	4	0	0	0	0	0	0	NA	NA	NA	NA	NA
Dma_A0A0N8C962	A0A0N8C962	Dma	Daphnia magna	NULL	0.0	None	0.0	None	0.0	0.0	no_confident_CPAP_hit	low	no_confident_hit	no_ChtBD2_support	757	17	0	0	0	0	0	0	62	62	10,18,13,64,8	270	388
Dma_A0A0N8CFK0	A0A0N8CFK0	Dma	Daphnia magna	NULL	0.0	None	0.0	None	0.0	0.0	no_confident_CPAP_hit	low	no_confident_hit	no_ChtBD2_support	374	2	0	0	0	0	0	0	NA	NA	NA	NA	NA
Dma_A0A0N8CZ78	A0A0N8CZ78	Dma	Daphnia magna	NULL	0.0	None	0.0	None	0.0	0.0	no_confident_CPAP_hit	low	no_confident_hit	no_ChtBD2_support	171	0	0	0	0	0	0	0	NA	NA	NA	NA	NA
Dma_A0A0N8D4S4	A0A0N8D4S4	Dma	Daphnia magna	NULL	0.0	None	0.0	None	0.0	0.0	no_confident_CPAP_hit	low	no_confident_hit	no_ChtBD2_support	332	3	0	0	0	0	0	0	NA	NA	NA	NA	NA
Dma_A0A0N8D726	A0A0N8D726	Dma	Daphnia magna	NULL	0.0	None	0.0	None	0.0	0.0	no_confident_CPAP_hit	low	no_confident_hit	no_ChtBD2_support	2136	58	0	0	0	0	0	0	16	16	10,10,19,9,4	1737	1794
Dma_A0A0N8DDM6	A0A0N8DDM6	Dma	Daphnia magna	NULL	0.0	None	0.0	None	0.0	0.0	no_confident_CPAP_hit	low	no_confident_hit	no_ChtBD2_support	256	6	0	0	0	0	0	0	136	124	131,5,5,0,9	94	249
Dma_A0A0N8DN86	A0A0N8DN86	Dma	Daphnia magna	NULL	0.0	None	0.0	None	0.0	0.0	no_confident_CPAP_hit	low	no_confident_hit	no_ChtBD2_support	531	17	0	0	0	0	0	0	12	12	5,4,14,16,1	211	256
Dma_A0A0N8E2J7	A0A0N8E2J7	Dma	Daphnia magna	NULL	0.0	None	0.0	None	0.0	0.0	no_confident_CPAP_hit	low	no_confident_hit	no_ChtBD2_support	223	0	0	0	0	0	0	0	NA	NA	NA	NA	NA
Dma_A0A0N8EDG8	A0A0N8EDG8	Dma	Daphnia magna	NULL	0.0	None	0.0	None	0.0	0.0	no_confident_CPAP_hit	low	no_confident_hit	no_ChtBD2_support	191	14	0	0	0	0	0	0	15	15	11,15,7,12,3	34	87
Dma_A0A0P4WQY2	A0A0P4WQY2	Dma	Daphnia magna	NULL	0.0	None	0.0	None	0.0	0.0	no_confident_CPAP_hit	low	no_confident_hit	no_ChtBD2_support	724	0	0	0	0	0	0	0	NA	NA	NA	NA	NA
Dma_A0A0P4WUQ4	A0A0P4WUQ4	Dma	Daphnia magna	NULL	0.0	None	0.0	None	0.0	0.0	no_confident_CPAP_hit	low	no_confident_hit	no_ChtBD2_support	422	12	0	0	0	0	0	0	67	64	15,31,20,41,15	16	143
Dma_A0A0P4X051	A0A0P4X051	Dma	Daphnia magna	NULL	0.0	None	0.0	None	0.0	0.0	no_confident_CPAP_hit	low	no_confident_hit	no_ChtBD2_support	1423	52	0	0	0	0	0	0	8	8	12,6,8,15,0	506	552
Dma_A0A0P4XDN4	A0A0P4XDN4	Dma	Daphnia magna	NULL	0.0	None	0.0	None	0.0	0.0	no_confident_CPAP_hit	low	no_confident_hit	no_ChtBD2_support	322	3	0	0	0	0	0	0	NA	NA	NA	NA	NA
Dma_A0A0P4YEF1	A0A0P4YEF1	Dma	Daphnia magna	NULL	0.0	None	0.0	None	0.0	0.0	no_confident_CPAP_hit	low	no_confident_hit	no_ChtBD2_support	111	7	0	0	0	0	0	0	15	15	11,6,19,9,0	39	89
Dma_A0A0P4YRK4	A0A0P4YRK4	Dma	Daphnia magna	NULL	0.0	None	0.0	None	0.0	0.0	no_confident_CPAP_hit	low	no_confident_hit	no_ChtBD2_support	745	6	0	0	0	0	0	0	460	460	7,194,162,72,71	123	634
Dma_A0A0P4ZIY8	A0A0P4ZIY8	Dma	Daphnia magna	NULL	0.0	None	0.0	None	0.0	0.0	no_confident_CPAP_hit	low	no_confident_hit	no_ChtBD2_support	1129	29	0	0	0	0	0	0	22	18	16,2,2,4,6	1076	1111
Dma_A0A0P5AHU6	A0A0P5AHU6	Dma	Daphnia magna	NULL	0.0	None	0.0	None	0.0	0.0	no_confident_CPAP_hit	low	no_confident_hit	no_ChtBD2_support	717	28	0	0	0	0	0	0	21	21	3,5,9,29,7	103	161
Dma_A0A0P5AHY8	A0A0P5AHY8	Dma	Daphnia magna	NULL	0.0	None	0.0	None	0.0	0.0	no_confident_CPAP_hit	low	no_confident_hit	no_ChtBD2_support	642	14	0	0	0	0	0	0	59	54	17,42,4,3,3	196	270
Dma_A0A0P5AUA9	A0A0P5AUA9	Dma	Daphnia magna	NULL	0.0	None	0.0	None	0.0	0.0	no_confident_CPAP_hit	low	no_confident_hit	no_ChtBD2_support	516	3	0	0	0	0	0	0	NA	NA	NA	NA	NA
Dma_A0A0P5BBW0	A0A0P5BBW0	Dma	Daphnia magna	NULL	0.0	None	0.0	None	0.0	0.0	no_confident_CPAP_hit	low	no_confident_hit	no_ChtBD2_support	274	3	0	0	0	0	0	0	NA	NA	NA	NA	NA
Dma_A0A0P5BF08	A0A0P5BF08	Dma	Daphnia magna	NULL	0.0	None	0.0	None	0.0	0.0	no_confident_CPAP_hit	low	no_confident_hit	no_ChtBD2_support	369	1	0	0	0	0	0	0	NA	NA	NA	NA	NA
Dma_A0A0P5BKY0	A0A0P5BKY0	Dma	Daphnia magna	NULL	0.0	None	0.0	None	0.0	0.0	no_confident_CPAP_hit	low	no_confident_hit	no_ChtBD2_support	313	0	0	0	0	0	0	0	NA	NA	NA	NA	NA
Dma_A0A0P5CQN1	A0A0P5CQN1	Dma	Daphnia magna	NULL	0.0	None	0.0	None	0.0	0.0	no_confident_CPAP_hit	low	no_confident_hit	no_ChtBD2_support	273	1	0	0	0	0	0	0	NA	NA	NA	NA	NA
Dma_A0A0P5CTZ7	A0A0P5CTZ7	Dma	Daphnia magna	NULL	0.0	None	0.0	None	0.0	0.0	no_confident_CPAP_hit	low	no_confident_hit	no_ChtBD2_support	113	0	0	0	0	0	0	0	NA	NA	NA	NA	NA
Dma_A0A0P5DQE9	A0A0P5DQE9	Dma	Daphnia magna	NULL	0.0	None	0.0	None	0.0	0.0	no_confident_CPAP_hit	low	no_confident_hit	no_ChtBD2_support	621	19	0	0	0	0	0	0	67	67	12,32,9,55,9	164	286
Dma_A0A0P5DRY5	A0A0P5DRY5	Dma	Daphnia magna	NULL	0.0	None	0.0	None	0.0	0.0	no_confident_CPAP_hit	low	no_confident_hit	no_ChtBD2_support	183	9	0	0	0	0	0	0	28	28	8,5,4,31,1	122	176
Dma_A0A0P5E3A2	A0A0P5E3A2	Dma	Daphnia magna	NULL	0.0	None	0.0	None	0.0	0.0	no_confident_CPAP_hit	low	no_confident_hit	no_ChtBD2_support	204	9	0	0	0	0	0	0	29	29	7,5,4,31,1	144	197
Dma_A0A0P5EA36	A0A0P5EA36	Dma	Daphnia magna	NULL	0.0	None	0.0	None	0.0	0.0	no_confident_CPAP_hit	low	no_confident_hit	no_ChtBD2_support	520	3	0	0	0	0	0	0	NA	NA	NA	NA	NA
Dma_A0A0P5EJV0	A0A0P5EJV0	Dma	Daphnia magna	NULL	0.0	None	0.0	None	0.0	0.0	no_confident_CPAP_hit	low	no_confident_hit	no_ChtBD2_support	1355	2	0	0	0	0	0	0	NA	NA	NA	NA	NA
Dma_A0A0P5EZ95	A0A0P5EZ95	Dma	Daphnia magna	NULL	0.0	None	0.0	None	0.0	0.0	no_confident_CPAP_hit	low	no_confident_hit	no_ChtBD2_support	225	0	0	0	0	0	0	0	NA	NA	NA	NA	NA
Dma_A0A0P5FUH3	A0A0P5FUH3	Dma	Daphnia magna	NULL	0.0	None	0.0	None	0.0	0.0	no_confident_CPAP_hit	low	no_confident_hit	no_ChtBD2_support	360	11	0	0	0	0	0	0	93	93	8,16,42,60,15	26	172
Dma_A0A0P5FYS6	A0A0P5FYS6	Dma	Daphnia magna	NULL	0.0	None	0.0	None	0.0	0.0	no_confident_CPAP_hit	low	no_confident_hit	no_ChtBD2_support	731	0	0	0	0	0	0	0	NA	NA	NA	NA	NA
Dma_A0A0P5G9T5	A0A0P5G9T5	Dma	Daphnia magna	NULL	0.0	None	0.0	None	0.0	0.0	no_confident_CPAP_hit	low	no_confident_hit	no_ChtBD2_support	266	1	0	0	0	0	0	0	NA	NA	NA	NA	NA
Dma_A0A0P5GAQ1	A0A0P5GAQ1	Dma	Daphnia magna	NULL	0.0	None	0.0	None	0.0	0.0	no_confident_CPAP_hit	low	no_confident_hit	no_ChtBD2_support	4725	84	0	0	0	0	0	0	8	8	4,4,12,15,7	1757	1804
Dma_A0A0P5GEN8	A0A0P5GEN8	Dma	Daphnia magna	NULL	0.0	None	0.0	None	0.0	0.0	no_confident_CPAP_hit	low	no_confident_hit	no_ChtBD2_support	881	19	0	0	0	0	0	0	44	44	6,0,5,45,9	192	262
Dma_A0A0P5GHN5	A0A0P5GHN5	Dma	Daphnia magna	NULL	0.0	None	0.0	None	0.0	0.0	no_confident_CPAP_hit	low	no_confident_hit	no_ChtBD2_support	106	1	0	0	0	0	0	0	NA	NA	NA	NA	NA
Dma_A0A0P5GXK9	A0A0P5GXK9	Dma	Daphnia magna	NULL	0.0	None	0.0	None	0.0	0.0	no_confident_CPAP_hit	low	no_confident_hit	no_ChtBD2_support	177	0	0	0	0	0	0	0	NA	NA	NA	NA	NA
Dma_A0A0P5GYD2	A0A0P5GYD2	Dma	Daphnia magna	NULL	0.0	None	0.0	None	0.0	0.0	no_confident_CPAP_hit	low	no_confident_hit	no_ChtBD2_support	596	1	0	0	0	0	0	0	NA	NA	NA	NA	NA
Dma_A0A0P5HJP0 | CPR78Cc	A0A0P5HJP0 | CPR78Cc	Dma	Daphnia magna	NULL	0.0	None	0.0	None	0.0	0.0	no_confident_CPAP_hit	low	no_confident_hit	domain_scan_missing	NA	NA	NA	NA	NA	NA	NA	NA	NA	NA	NA	NA	NA
Dma_A0A0P5HSS6	A0A0P5HSS6	Dma	Daphnia magna	NULL	0.0	None	0.0	None	0.0	0.0	no_confident_CPAP_hit	low	no_confident_hit	no_ChtBD2_support	450	12	0	0	0	0	0	0	49	49	9,9,0,30,28	295	376
Dma_A0A0P5J5X1	A0A0P5J5X1	Dma	Daphnia magna	NULL	0.0	None	0.0	None	0.0	0.0	no_confident_CPAP_hit	low	no_confident_hit	no_ChtBD2_support	521	0	0	0	0	0	0	0	NA	NA	NA	NA	NA
Dma_A0A0P5J823	A0A0P5J823	Dma	Daphnia magna	NULL	0.0	None	0.0	None	0.0	0.0	no_confident_CPAP_hit	low	no_confident_hit	no_ChtBD2_support	573	16	0	0	0	0	0	0	63	54	21,5,49,3,18	128	229
Dma_A0A0P5J9L4	A0A0P5J9L4	Dma	Daphnia magna	NULL	13.3	0.0051	16.8	0.00043	-3.5	16.8	no_confident_CPAP_hit	low	no_confident_hit	ChtBD2_like_but_no_confident_CPAP_HMM	526	27	0	0	1	0	0	1	5	1	16,5,15,12,8	28	89
Dma_A0A0P5JSZ5	A0A0P5JSZ5	Dma	Daphnia magna	NULL	0.0	None	0.0	None	0.0	0.0	no_confident_CPAP_hit	low	no_confident_hit	no_ChtBD2_support	574	13	0	0	0	0	0	0	62	56	18,43,4,3,2	375	450
Dma_A0A0P5KHH2	A0A0P5KHH2	Dma	Daphnia magna	NULL	0.0	None	0.0	None	0.0	0.0	no_confident_CPAP_hit	low	no_confident_hit	no_ChtBD2_support	1184	16	0	0	0	0	0	0	237	225	94,7,161,7,9	646	929
Dma_A0A0P5KRG6	A0A0P5KRG6	Dma	Daphnia magna	NULL	0.0	None	0.0	None	0.0	0.0	no_confident_CPAP_hit	low	no_confident_hit	no_ChtBD2_support	455	5	0	0	0	0	0	0	NA	NA	NA	NA	NA
Dma_A0A0P5L1Q6	A0A0P5L1Q6	Dma	Daphnia magna	NULL	0.0	None	0.0	None	0.0	0.0	no_confident_CPAP_hit	low	no_confident_hit	no_ChtBD2_support	1045	41	0	0	0	0	0	0	15	15	9,5,10,5,0	156	190
Dma_A0A0P5LSH1	A0A0P5LSH1	Dma	Daphnia magna	NULL	0.0	None	0.0	None	0.0	0.0	no_confident_CPAP_hit	low	no_confident_hit	no_ChtBD2_support	1296	3	0	0	0	0	0	0	NA	NA	NA	NA	NA
Dma_A0A0P5M4M9	A0A0P5M4M9	Dma	Daphnia magna	NULL	0.0	None	0.0	None	0.0	0.0	no_confident_CPAP_hit	low	no_confident_hit	no_ChtBD2_support	925	17	0	0	0	0	0	0	46	34	39,1,5,6,1	215	272
Dma_A0A0P5M683	A0A0P5M683	Dma	Daphnia magna	NULL	0.0	None	0.0	None	0.0	0.0	no_confident_CPAP_hit	low	no_confident_hit	no_ChtBD2_support	324	2	0	0	0	0	0	0	NA	NA	NA	NA	NA
Dma_A0A0P5M6B2	A0A0P5M6B2	Dma	Daphnia magna	NULL	0.0	None	0.0	None	0.0	0.0	no_confident_CPAP_hit	low	no_confident_hit	no_ChtBD2_support	303	2	0	0	0	0	0	0	NA	NA	NA	NA	NA
Dma_A0A0P5MKK7	A0A0P5MKK7	Dma	Daphnia magna	NULL	0.0	None	0.0	None	0.0	0.0	no_confident_CPAP_hit	low	no_confident_hit	no_ChtBD2_support	1069	37	0	0	0	0	0	0	24	12	30,5,10,15,0	920	985
Dma_A0A0P5MQ50	A0A0P5MQ50	Dma	Daphnia magna	NULL	0.0	None	0.0	None	0.0	0.0	no_confident_CPAP_hit	low	no_confident_hit	no_ChtBD2_support	583	3	0	0	0	0	0	0	NA	NA	NA	NA	NA
Dma_A0A0P5PEI8 | Pro-resilin	A0A0P5PEI8 | Pro-resilin	Dma	Daphnia magna	NULL	0.0	None	0.0	None	0.0	0.0	no_confident_CPAP_hit	low	no_confident_hit	domain_scan_missing	NA	NA	NA	NA	NA	NA	NA	NA	NA	NA	NA	NA	NA
Dma_A0A0P5Q3J5	A0A0P5Q3J5	Dma	Daphnia magna	NULL	0.0	None	0.0	None	0.0	0.0	no_confident_CPAP_hit	low	no_confident_hit	no_ChtBD2_support	1254	15	0	0	0	0	0	0	24	24	12,0,20,16,21	589	663
Dma_A0A0P5S9E1	A0A0P5S9E1	Dma	Daphnia magna	NULL	0.0	None	0.0	None	0.0	0.0	no_confident_CPAP_hit	low	no_confident_hit	no_ChtBD2_support	125	0	0	0	0	0	0	0	NA	NA	NA	NA	NA
Dma_A0A0P5S9M7	A0A0P5S9M7	Dma	Daphnia magna	NULL	0.0	None	0.0	None	0.0	0.0	no_confident_CPAP_hit	low	no_confident_hit	no_ChtBD2_support	1828	10	0	0	0	0	0	0	23	12	23,2,8,5,9	135	187
Dma_A0A0P5STA8	A0A0P5STA8	Dma	Daphnia magna	NULL	0.0	None	0.0	None	0.0	0.0	no_confident_CPAP_hit	low	no_confident_hit	no_ChtBD2_support	530	0	0	0	0	0	0	0	NA	NA	NA	NA	NA
Dma_A0A0P5SW44	A0A0P5SW44	Dma	Daphnia magna	NULL	0.0	None	0.0	None	0.0	0.0	no_confident_CPAP_hit	low	no_confident_hit	no_ChtBD2_support	200	6	0	0	0	0	0	0	153	141	26,34,76,3,47	5	196
Dma_A0A0P5TNV1	A0A0P5TNV1	Dma	Daphnia magna	NULL	0.0	None	0.0	None	0.0	0.0	no_confident_CPAP_hit	low	no_confident_hit	no_ChtBD2_support	844	2	0	0	0	0	0	0	NA	NA	NA	NA	NA
Dma_A0A0P5TR26	A0A0P5TR26	Dma	Daphnia magna	NULL	0.0	None	0.0	None	0.0	0.0	no_confident_CPAP_hit	low	no_confident_hit	no_ChtBD2_support	303	3	0	0	0	0	0	0	NA	NA	NA	NA	NA
Dma_A0A0P5U952	A0A0P5U952	Dma	Daphnia magna	NULL	0.0	None	0.0	None	0.0	0.0	no_confident_CPAP_hit	low	no_confident_hit	no_ChtBD2_support	583	3	0	0	0	0	0	0	NA	NA	NA	NA	NA
Dma_A0A0P5UJZ3	A0A0P5UJZ3	Dma	Daphnia magna	NULL	0.0	None	0.0	None	0.0	0.0	no_confident_CPAP_hit	low	no_confident_hit	no_ChtBD2_support	467	22	0	0	0	0	0	0	16	16	3,6,5,10,5	90	124
Dma_A0A0P5UWJ6 | 66D-like	A0A0P5UWJ6 | 66D-like	Dma	Daphnia magna	NULL	0.0	None	0.0	None	0.0	0.0	no_confident_CPAP_hit	low	no_confident_hit	domain_scan_missing	NA	NA	NA	NA	NA	NA	NA	NA	NA	NA	NA	NA	NA
Dma_A0A0P5VG56	A0A0P5VG56	Dma	Daphnia magna	NULL	0.0	None	0.0	None	0.0	0.0	no_confident_CPAP_hit	low	no_confident_hit	no_ChtBD2_support	1119	16	0	0	0	0	0	0	85	85	0,22,0,48,24	744	843
Dma_A0A0P5VHX6	A0A0P5VHX6	Dma	Daphnia magna	NULL	0.0	None	0.0	None	0.0	0.0	no_confident_CPAP_hit	low	no_confident_hit	no_ChtBD2_support	161	4	0	0	0	0	0	0	NA	NA	NA	NA	NA
Dma_A0A0P5VJX3	A0A0P5VJX3	Dma	Daphnia magna	NULL	0.0	None	0.0	None	0.0	0.0	no_confident_CPAP_hit	low	no_confident_hit	no_ChtBD2_support	312	0	0	0	0	0	0	0	NA	NA	NA	NA	NA
Dma_A0A0P5VU19	A0A0P5VU19	Dma	Daphnia magna	NULL	0.0	None	0.0	None	0.0	0.0	no_confident_CPAP_hit	low	no_confident_hit	no_ChtBD2_support	193	0	0	0	0	0	0	0	NA	NA	NA	NA	NA
Dma_A0A0P5W9D9	A0A0P5W9D9	Dma	Daphnia magna	NULL	0.0	None	0.0	None	0.0	0.0	no_confident_CPAP_hit	low	no_confident_hit	no_ChtBD2_support	674	15	0	0	0	0	0	0	58	53	17,42,4,3,4	388	463
Dma_A0A0P5WB21 | Pro-resilin	A0A0P5WB21 | Pro-resilin	Dma	Daphnia magna	NULL	0.0	None	0.0	None	0.0	0.0	no_confident_CPAP_hit	low	no_confident_hit	domain_scan_missing	NA	NA	NA	NA	NA	NA	NA	NA	NA	NA	NA	NA	NA
Dma_A0A0P5WDI2	A0A0P5WDI2	Dma	Daphnia magna	NULL	0.0	None	0.0	None	0.0	0.0	no_confident_CPAP_hit	low	no_confident_hit	no_ChtBD2_support	138	0	0	0	0	0	0	0	NA	NA	NA	NA	NA
Dma_A0A0P5WJM5	A0A0P5WJM5	Dma	Daphnia magna	NULL	0.0	None	0.0	None	0.0	0.0	no_confident_CPAP_hit	low	no_confident_hit	no_ChtBD2_support	479	11	0	0	0	0	0	0	95	83	61,18,6,44,10	263	407
Dma_A0A0P5WUA4	A0A0P5WUA4	Dma	Daphnia magna	NULL	0.0	None	0.0	None	0.0	0.0	no_confident_CPAP_hit	low	no_confident_hit	no_ChtBD2_support	1216	44	0	0	0	0	0	0	20	11	21,0,10,7,5	205	253
Dma_A0A0P5X4A2	A0A0P5X4A2	Dma	Daphnia magna	NULL	0.0	None	0.0	None	0.0	0.0	no_confident_CPAP_hit	low	no_confident_hit	no_ChtBD2_support	444	0	0	0	0	0	0	0	NA	NA	NA	NA	NA
Dma_A0A0P5XM77	A0A0P5XM77	Dma	Daphnia magna	NULL	0.0	None	0.0	None	0.0	0.0	no_confident_CPAP_hit	low	no_confident_hit	no_ChtBD2_support	422	9	0	0	0	0	0	0	159	159	12,37,58,95,12	114	333
Dma_A0A0P5XUG0	A0A0P5XUG0	Dma	Daphnia magna	NULL	0.0	None	0.0	None	0.0	0.0	no_confident_CPAP_hit	low	no_confident_hit	no_ChtBD2_support	499	16	0	0	0	0	0	0	13	13	12,6,9,5,1	118	156
Dma_A0A0P5Y6E4	A0A0P5Y6E4	Dma	Daphnia magna	NULL	0.0	None	0.0	None	0.0	0.0	no_confident_CPAP_hit	low	no_confident_hit	no_ChtBD2_support	374	8	0	0	0	0	0	0	124	112	39,11,61,20,48	104	288
Dma_A0A0P5YCK0	A0A0P5YCK0	Dma	Daphnia magna	NULL	0.0	None	0.0	None	0.0	0.0	no_confident_CPAP_hit	low	no_confident_hit	no_ChtBD2_support	482	16	0	0	0	0	0	0	37	37	12,32,20,9,9	329	416
Dma_A0A0P5YD00	A0A0P5YD00	Dma	Daphnia magna	NULL	0.0	None	0.0	None	0.0	0.0	no_confident_CPAP_hit	low	no_confident_hit	no_ChtBD2_support	1606	2	0	0	0	0	0	0	NA	NA	NA	NA	NA
Dma_A0A0P5YEB4	A0A0P5YEB4	Dma	Daphnia magna	NULL	0.0	None	0.0	None	0.0	0.0	no_confident_CPAP_hit	low	no_confident_hit	no_ChtBD2_support	576	5	0	0	0	0	0	0	NA	NA	NA	NA	NA
Dma_A0A0P5YHQ6	A0A0P5YHQ6	Dma	Daphnia magna	NULL	0.0	None	0.0	None	0.0	0.0	no_confident_CPAP_hit	low	no_confident_hit	no_ChtBD2_support	211	1	0	0	0	0	0	0	NA	NA	NA	NA	NA
Dma_A0A0P5YKU8	A0A0P5YKU8	Dma	Daphnia magna	NULL	0.0	None	0.0	None	0.0	0.0	no_confident_CPAP_hit	low	no_confident_hit	no_ChtBD2_support	131	0	0	0	0	0	0	0	NA	NA	NA	NA	NA
Dma_A0A0P5YRA0	A0A0P5YRA0	Dma	Daphnia magna	NULL	0.0	None	0.0	None	0.0	0.0	no_confident_CPAP_hit	low	no_confident_hit	no_ChtBD2_support	1465	42	0	0	0	0	0	0	15	15	9,5,21,13,0	665	718
Dma_A0A0P5YRM3	A0A0P5YRM3	Dma	Daphnia magna	NULL	0.0	None	0.0	None	0.0	0.0	no_confident_CPAP_hit	low	no_confident_hit	no_ChtBD2_support	142	0	0	0	0	0	0	0	NA	NA	NA	NA	NA
Dma_A0A0P5YVL4	A0A0P5YVL4	Dma	Daphnia magna	NULL	0.0	None	0.0	None	0.0	0.0	no_confident_CPAP_hit	low	no_confident_hit	no_ChtBD2_support	256	13	0	0	0	0	0	0	12	12	5,4,14,16,1	205	250
Dma_A0A0P5YWX1	A0A0P5YWX1	Dma	Daphnia magna	NULL	0.0	None	0.0	None	0.0	0.0	no_confident_CPAP_hit	low	no_confident_hit	no_ChtBD2_support	382	7	0	0	0	0	0	0	88	88	8,0,43,44,31	76	207
Dma_A0A0P5Z2Y2	A0A0P5Z2Y2	Dma	Daphnia magna	NULL	0.0	None	0.0	None	0.0	0.0	no_confident_CPAP_hit	low	no_confident_hit	no_ChtBD2_support	919	3	0	0	0	0	0	0	NA	NA	NA	NA	NA
Dma_A0A0P5ZBW3	A0A0P5ZBW3	Dma	Daphnia magna	NULL	0.0	None	0.0	None	0.0	0.0	no_confident_CPAP_hit	low	no_confident_hit	no_ChtBD2_support	1024	16	0	0	0	0	0	0	78	75	15,10,35,52,21	502	640
Dma_A0A0P5ZBY3	A0A0P5ZBY3	Dma	Daphnia magna	NULL	0.0	None	0.0	None	0.0	0.0	no_confident_CPAP_hit	low	no_confident_hit	no_ChtBD2_support	209	2	0	0	0	0	0	0	NA	NA	NA	NA	NA
Dma_A0A0P5ZG31	A0A0P5ZG31	Dma	Daphnia magna	NULL	0.0	None	0.0	None	0.0	0.0	no_confident_CPAP_hit	low	no_confident_hit	no_ChtBD2_support	1297	21	0	0	0	0	0	0	70	58	43,6,13,48,0	1032	1147
Dma_A0A0P5ZG64	A0A0P5ZG64	Dma	Daphnia magna	NULL	0.0	None	0.0	None	0.0	0.0	no_confident_CPAP_hit	low	no_confident_hit	no_ChtBD2_support	232	1	0	0	0	0	0	0	NA	NA	NA	NA	NA
Dma_A0A0P5ZKZ4	A0A0P5ZKZ4	Dma	Daphnia magna	NULL	0.0	None	0.0	None	0.0	0.0	no_confident_CPAP_hit	low	no_confident_hit	no_ChtBD2_support	369	6	0	0	0	0	0	0	107	95	34,47,10,34,33	43	206
Dma_A0A0P5ZQ74	A0A0P5ZQ74	Dma	Daphnia magna	NULL	0.0	None	0.0	None	0.0	0.0	no_confident_CPAP_hit	low	no_confident_hit	no_ChtBD2_support	698	28	0	0	0	0	0	0	12	12	5,4,14,16,1	250	295
Dma_A0A0P5ZSW6	A0A0P5ZSW6	Dma	Daphnia magna	NULL	0.0	None	0.0	None	0.0	0.0	no_confident_CPAP_hit	low	no_confident_hit	no_ChtBD2_support	708	3	0	0	0	0	0	0	NA	NA	NA	NA	NA
Dma_A0A0P5ZV57	A0A0P5ZV57	Dma	Daphnia magna	NULL	0.0	None	0.0	None	0.0	0.0	no_confident_CPAP_hit	low	no_confident_hit	no_ChtBD2_support	1600	0	0	0	0	0	0	0	NA	NA	NA	NA	NA
Dma_A0A0P5ZX24	A0A0P5ZX24	Dma	Daphnia magna	NULL	0.0	None	0.0	None	0.0	0.0	no_confident_CPAP_hit	low	no_confident_hit	no_ChtBD2_support	593	76	0	0	0	0	0	0	10	10	8,1,11,17,4	283	329
Dma_A0A0P6A1T0	A0A0P6A1T0	Dma	Daphnia magna	NULL	0.0	None	0.0	None	0.0	0.0	no_confident_CPAP_hit	low	no_confident_hit	no_ChtBD2_support	786	15	0	0	0	0	0	0	90	81	21,71,0,9,3	323	432
Dma_A0A0P6AFG0	A0A0P6AFG0	Dma	Daphnia magna	NULL	0.0	None	0.0	None	0.0	0.0	no_confident_CPAP_hit	low	no_confident_hit	no_ChtBD2_support	659	1	0	0	0	0	0	0	NA	NA	NA	NA	NA
Dma_A0A0P6AFH5_iso1	A0A0P6AFH5_iso1	Dma	Daphnia magna	NULL	0.0	None	0.0	None	0.0	0.0	no_confident_CPAP_hit	low	no_confident_hit	no_ChtBD2_support	121	0	0	0	0	0	0	0	NA	NA	NA	NA	NA
Dma_A0A0P6AFH5_iso2	A0A0P6AFH5_iso2	Dma	Daphnia magna	NULL	0.0	None	0.0	None	0.0	0.0	no_confident_CPAP_hit	low	no_confident_hit	no_ChtBD2_support	272	8	0	0	0	0	0	0	64	52	31,31,14,10,25	132	248
Dma_A0A0P6B3M3	A0A0P6B3M3	Dma	Daphnia magna	NULL	0.0	None	0.0	None	0.0	0.0	no_confident_CPAP_hit	low	no_confident_hit	no_ChtBD2_support	1045	4	0	0	0	0	0	0	NA	NA	NA	NA	NA
Dma_A0A0P6BP38	A0A0P6BP38	Dma	Daphnia magna	NULL	0.0	None	0.0	None	0.0	0.0	no_confident_CPAP_hit	low	no_confident_hit	no_ChtBD2_support	1180	20	0	0	0	0	0	0	84	84	2,62,23,8,1	17	118
Dma_A0A0P6C3B8	A0A0P6C3B8	Dma	Daphnia magna	NULL	0.0	None	0.0	None	0.0	0.0	no_confident_CPAP_hit	low	no_confident_hit	no_ChtBD2_support	753	20	0	0	0	0	0	0	15	15	9,5,10,5,0	192	226
Dma_A0A0P6C730 | Dusky	A0A0P6C730 | Dusky	Dma	Daphnia magna	NULL	0.0	None	0.0	None	0.0	0.0	no_confident_CPAP_hit	low	no_confident_hit	domain_scan_missing	NA	NA	NA	NA	NA	NA	NA	NA	NA	NA	NA	NA	NA
Dma_A0A0P6CSB9	A0A0P6CSB9	Dma	Daphnia magna	NULL	0.0	None	0.0	None	0.0	0.0	no_confident_CPAP_hit	low	no_confident_hit	no_ChtBD2_support	2602	14	0	0	0	0	0	0	18	18	9,5,21,9,0	823	872
Dma_A0A0P6D363	A0A0P6D363	Dma	Daphnia magna	NULL	0.0	None	0.0	None	0.0	0.0	no_confident_CPAP_hit	low	no_confident_hit	no_ChtBD2_support	177	7	0	0	0	0	0	0	109	97	46,73,14,7,4	7	156
Dma_A0A0P6DZG8	A0A0P6DZG8	Dma	Daphnia magna	NULL	0.0	None	0.0	None	0.0	0.0	no_confident_CPAP_hit	low	no_confident_hit	no_ChtBD2_support	2012	3	0	0	0	0	0	0	NA	NA	NA	NA	NA
Dma_A0A0P6E5V3	A0A0P6E5V3	Dma	Daphnia magna	NULL	0.0	None	0.0	None	0.0	0.0	no_confident_CPAP_hit	low	no_confident_hit	no_ChtBD2_support	555	1	0	0	0	0	0	0	NA	NA	NA	NA	NA
Dma_A0A0P6EXT2	A0A0P6EXT2	Dma	Daphnia magna	NULL	0.0	None	0.0	None	0.0	0.0	no_confident_CPAP_hit	low	no_confident_hit	no_ChtBD2_support	318	10	0	0	0	0	0	0	61	55	18,43,4,3,3	237	313
Dma_A0A0P6FMD2	A0A0P6FMD2	Dma	Daphnia magna	NULL	0.0	None	0.0	None	0.0	0.0	no_confident_CPAP_hit	low	no_confident_hit	no_ChtBD2_support	1249	4	0	0	0	0	0	0	NA	NA	NA	NA	NA
Dma_A0A0P6FY90	A0A0P6FY90	Dma	Daphnia magna	NULL	0.0	None	0.0	None	0.0	0.0	no_confident_CPAP_hit	low	no_confident_hit	no_ChtBD2_support	504	0	0	0	0	0	0	0	NA	NA	NA	NA	NA
Dma_A0A0P6G918	A0A0P6G918	Dma	Daphnia magna	NULL	0.0	None	0.0	None	0.0	0.0	no_confident_CPAP_hit	low	no_confident_hit	no_ChtBD2_support	196	3	0	0	0	0	0	0	NA	NA	NA	NA	NA
Dma_A0A0P6GKG4	A0A0P6GKG4	Dma	Daphnia magna	NULL	0.0	None	0.0	None	0.0	0.0	no_confident_CPAP_hit	low	no_confident_hit	no_ChtBD2_support	733	16	0	0	0	0	0	0	58	53	17,42,4,3,4	522	597
Dma_A0A0P6GRW6	A0A0P6GRW6	Dma	Daphnia magna	NULL	0.0	None	0.0	None	0.0	0.0	no_confident_CPAP_hit	low	no_confident_hit	no_ChtBD2_support	369	14	0	0	0	0	0	0	26	14	27,8,3,18,7	296	364
Dma_A0A0P6H1F2	A0A0P6H1F2	Dma	Daphnia magna	NULL	0.0	None	0.0	None	0.0	0.0	no_confident_CPAP_hit	low	no_confident_hit	no_ChtBD2_support	190	1	0	0	0	0	0	0	NA	NA	NA	NA	NA
Dma_A0A0P6IC66	A0A0P6IC66	Dma	Daphnia magna	NULL	0.0	None	0.0	None	0.0	0.0	no_confident_CPAP_hit	low	no_confident_hit	no_ChtBD2_support	1405	14	0	0	0	0	0	0	332	320	184,56,21,38,88	102	494
Dma_A0A162C7R6	A0A162C7R6	Dma	Daphnia magna	NULL	0.0	None	0.0	None	0.0	0.0	no_confident_CPAP_hit	low	no_confident_hit	no_ChtBD2_support	137	0	0	0	0	0	0	0	NA	NA	NA	NA	NA
Dma_A0A162CAG3	A0A162CAG3	Dma	Daphnia magna	NULL	0.0	None	0.0	None	0.0	0.0	no_confident_CPAP_hit	low	no_confident_hit	no_ChtBD2_support	1533	39	0	0	0	0	0	0	22	17	17,2,1,6,6	1423	1460
Dma_A0A162CB87	A0A162CB87	Dma	Daphnia magna	NULL	0.0	None	0.0	None	0.0	0.0	no_confident_CPAP_hit	low	no_confident_hit	no_ChtBD2_support	442	5	0	0	0	0	0	0	NA	NA	NA	NA	NA
Dma_A0A162CB96	A0A162CB96	Dma	Daphnia magna	NULL	13.2	0.0054	33.5	3.5e-09	-20.3	33.5	no_confident_CPAP_hit	low	no_confident_hit	ChtBD2_like_but_no_confident_CPAP_HMM	556	27	0	1	1	0	1	1	6	0	18,5,9,12,8	62	119
Dma_A0A162CE10	A0A162CE10	Dma	Daphnia magna	NULL	0.0	None	0.0	None	0.0	0.0	no_confident_CPAP_hit	low	no_confident_hit	ChtBD2_like_but_no_confident_CPAP_HMM	1080	70	0	0	2	0	0	2	7	7	8,8,8,16,8	308	361
Dma_A0A162CEW3	A0A162CEW3	Dma	Daphnia magna	NULL	0.0	None	0.0	None	0.0	0.0	no_confident_CPAP_hit	low	no_confident_hit	no_ChtBD2_support	1246	5	0	0	0	0	0	0	NA	NA	NA	NA	NA
Dma_A0A162CFV2	A0A162CFV2	Dma	Daphnia magna	NULL	0.0	None	0.0	None	0.0	0.0	no_confident_CPAP_hit	low	no_confident_hit	no_ChtBD2_support	369	8	0	0	0	0	0	0	119	116	15,66,69,15,8	136	314
Dma_A0A162CJH2	A0A162CJH2	Dma	Daphnia magna	NULL	0.0	None	0.0	None	0.0	0.0	no_confident_CPAP_hit	low	no_confident_hit	no_ChtBD2_support	376	7	0	0	0	0	0	0	226	223	15,199,39,14,12	2	286
Dma_A0A162CMV0	A0A162CMV0	Dma	Daphnia magna	NULL	0.0	None	18.8	0.0001	-18.8	18.8	no_confident_CPAP_hit	low	no_confident_hit	no_ChtBD2_support	1630	19	0	0	0	0	0	0	44	41	15,5,9,42,23	1014	1113
Dma_A0A162D7A0	A0A162D7A0	Dma	Daphnia magna	NULL	0.0	None	0.0	None	0.0	0.0	no_confident_CPAP_hit	low	no_confident_hit	no_ChtBD2_support	433	7	0	0	0	0	0	0	224	212	31,166,5,56,6	147	416
Dma_A0A162DCV8	A0A162DCV8	Dma	Daphnia magna	NULL	15.1	0.0015	33.2	4.3e-09	-18.1	33.2	no_confident_CPAP_hit	low	no_confident_hit	ChtBD2_like_but_no_confident_CPAP_HMM	529	14	0	0	1	0	0	1	3	3	10,5,9,12,10	476	527
Dma_A0A162DGC9	A0A162DGC9	Dma	Daphnia magna	NULL	0.0	None	0.0	None	0.0	0.0	no_confident_CPAP_hit	low	no_confident_hit	no_ChtBD2_support	576	1	0	0	0	0	0	0	NA	NA	NA	NA	NA
Dma_A0A162EDE1	A0A162EDE1	Dma	Daphnia magna	NULL	0.0	None	0.0	None	0.0	0.0	no_confident_CPAP_hit	low	no_confident_hit	no_ChtBD2_support	196	10	0	0	0	0	0	0	46	46	0,34,9,21,5	23	97
Dma_A0A162N930	A0A162N930	Dma	Daphnia magna	NULL	0.0	None	0.0	None	0.0	0.0	no_confident_CPAP_hit	low	no_confident_hit	no_ChtBD2_support	201	9	0	0	0	0	0	0	29	29	7,5,4,31,1	141	194
Dma_A0A162NC65	A0A162NC65	Dma	Daphnia magna	NULL	0.0	None	0.0	None	0.0	0.0	no_confident_CPAP_hit	low	no_confident_hit	no_ChtBD2_support	231	12	0	0	0	0	0	0	12	12	5,4,14,16,1	179	224
Dma_A0A162NHE4	A0A162NHE4	Dma	Daphnia magna	NULL	0.0	None	0.0	None	0.0	0.0	no_confident_CPAP_hit	low	no_confident_hit	no_ChtBD2_support	309	0	0	0	0	0	0	0	NA	NA	NA	NA	NA
Dma_A0A162NZ08	A0A162NZ08	Dma	Daphnia magna	NULL	0.0	None	0.0	None	0.0	0.0	no_confident_CPAP_hit	low	no_confident_hit	no_ChtBD2_support	214	5	0	0	0	0	0	0	NA	NA	NA	NA	NA
Dma_A0A162PK45 | SgAbd-1	A0A162PK45 | SgAbd-1	Dma	Daphnia magna	NULL	0.0	None	0.0	None	0.0	0.0	no_confident_CPAP_hit	low	no_confident_hit	domain_scan_missing	NA	NA	NA	NA	NA	NA	NA	NA	NA	NA	NA	NA	NA
Dma_A0A162QBA2	A0A162QBA2	Dma	Daphnia magna	NULL	0.0	None	0.0	None	0.0	0.0	no_confident_CPAP_hit	low	no_confident_hit	no_ChtBD2_support	2320	56	0	0	0	0	0	0	14	14	6,4,10,10,0	283	318
Dma_A0A162QEW6	A0A162QEW6	Dma	Daphnia magna	NULL	0.0	None	0.0	None	0.0	0.0	no_confident_CPAP_hit	low	no_confident_hit	no_ChtBD2_support	219	1	0	0	0	0	0	0	NA	NA	NA	NA	NA
Dma_A0A162QKL9	A0A162QKL9	Dma	Daphnia magna	NULL	0.0	None	0.0	None	0.0	0.0	no_confident_CPAP_hit	low	no_confident_hit	no_ChtBD2_support	182	1	0	0	0	0	0	0	NA	NA	NA	NA	NA
Dma_A0A162QZK2	A0A162QZK2	Dma	Daphnia magna	NULL	0.0	None	0.0	None	0.0	0.0	no_confident_CPAP_hit	low	no_confident_hit	no_ChtBD2_support	569	21	0	0	0	0	0	0	15	15	9,5,10,5,0	184	218
Dma_A0A162R0Z1	A0A162R0Z1	Dma	Daphnia magna	NULL	0.0	None	0.0	None	0.0	0.0	no_confident_CPAP_hit	low	no_confident_hit	no_ChtBD2_support	1289	34	0	0	0	0	0	0	10	10	9,5,14,10,0	81	124
Dma_A0A162RTH7	A0A162RTH7	Dma	Daphnia magna	NULL	0.0	None	0.0	None	0.0	0.0	no_confident_CPAP_hit	low	no_confident_hit	no_ChtBD2_support	77	0	0	0	0	0	0	0	NA	NA	NA	NA	NA
Dma_A0A162S0P7	A0A162S0P7	Dma	Daphnia magna	NULL	0.0	None	0.0	None	0.0	0.0	no_confident_CPAP_hit	low	no_confident_hit	no_ChtBD2_support	94	6	0	0	0	0	0	0	20	20	8,3,18,7,0	46	87
Dma_A0A162S4K9	A0A162S4K9	Dma	Daphnia magna	NULL	0.0	None	0.0	None	0.0	0.0	no_confident_CPAP_hit	low	no_confident_hit	no_ChtBD2_support	216	9	0	0	0	0	0	0	64	52	33,4,54,18,7	76	197
Dma_A0A162S9F3	A0A162S9F3	Dma	Daphnia magna	NULL	0.0	None	0.0	None	0.0	0.0	no_confident_CPAP_hit	low	no_confident_hit	no_ChtBD2_support	630	10	0	0	0	0	0	0	132	132	9,4,40,114,13	334	519
Dma_A0A162SEV5	A0A162SEV5	Dma	Daphnia magna	NULL	0.0	None	0.0	None	0.0	0.0	no_confident_CPAP_hit	low	no_confident_hit	no_ChtBD2_support	218	5	0	0	0	0	0	0	NA	NA	NA	NA	NA
Dma_A0A162SIK0	A0A162SIK0	Dma	Daphnia magna	NULL	0.0	None	0.0	None	0.0	0.0	no_confident_CPAP_hit	low	no_confident_hit	no_ChtBD2_support	702	8	0	0	0	0	0	0	258	246	31,15,4,240,8	363	666
Dma_A0A162SNC7	A0A162SNC7	Dma	Daphnia magna	NULL	0.0	None	0.0	None	0.0	0.0	no_confident_CPAP_hit	low	no_confident_hit	no_ChtBD2_support	1611	20	0	0	0	0	0	0	193	181	32,22,37,147,10	751	1004
Dma_A0A162T5Q5	A0A162T5Q5	Dma	Daphnia magna	NULL	0.0	None	0.0	None	0.0	0.0	no_confident_CPAP_hit	low	no_confident_hit	no_ChtBD2_support	277	10	0	0	0	0	0	0	75	63	79,0,11,14,3	4	116
Dma_A0A164GC58	A0A164GC58	Dma	Daphnia magna	NULL	0.0	None	31.4	1.5e-08	-31.4	31.4	no_confident_CPAP_hit	low	no_confident_hit	no_ChtBD2_support	1261	25	0	0	0	0	0	0	6	6	12,5,9,15,0	51	97
Dma_A0A164H286	A0A164H286	Dma	Daphnia magna	NULL	0.0	None	0.0	None	0.0	0.0	no_confident_CPAP_hit	low	no_confident_hit	no_ChtBD2_support	1481	52	0	0	0	0	0	0	18	15	15,7,13,25,2	96	163
Dma_A0A164K434 | Dusky-like	A0A164K434 | Dusky-like	Dma	Daphnia magna	NULL	0.0	None	0.0	None	0.0	0.0	no_confident_CPAP_hit	low	no_confident_hit	domain_scan_missing	NA	NA	NA	NA	NA	NA	NA	NA	NA	NA	NA	NA	NA
Dma_A0A164K4K6	A0A164K4K6	Dma	Daphnia magna	NULL	0.0	None	0.0	None	0.0	0.0	no_confident_CPAP_hit	low	no_confident_hit	no_ChtBD2_support	386	2	0	0	0	0	0	0	NA	NA	NA	NA	NA
Dma_A0A164K7H4	A0A164K7H4	Dma	Daphnia magna	NULL	0.0	None	0.0	None	0.0	0.0	no_confident_CPAP_hit	low	no_confident_hit	no_ChtBD2_support	887	4	0	0	0	0	0	0	NA	NA	NA	NA	NA
Dma_A0A164KDF9	A0A164KDF9	Dma	Daphnia magna	NULL	0.0	None	0.0	None	0.0	0.0	no_confident_CPAP_hit	low	no_confident_hit	no_ChtBD2_support	1800	12	0	0	0	0	0	0	485	473	99,26,209,190,16	1191	1736
Dma_A0A164KF42	A0A164KF42	Dma	Daphnia magna	NULL	0.0	None	0.0	None	0.0	0.0	no_confident_CPAP_hit	low	no_confident_hit	no_ChtBD2_support	153	0	0	0	0	0	0	0	NA	NA	NA	NA	NA
Dma_A0A164KFV1	A0A164KFV1	Dma	Daphnia magna	NULL	0.0	None	0.0	None	0.0	0.0	no_confident_CPAP_hit	low	no_confident_hit	no_ChtBD2_support	244	3	0	0	0	0	0	0	NA	NA	NA	NA	NA
Dma_A0A164KG21	A0A164KG21	Dma	Daphnia magna	NULL	0.0	None	0.0	None	0.0	0.0	no_confident_CPAP_hit	low	no_confident_hit	no_ChtBD2_support	124	0	0	0	0	0	0	0	NA	NA	NA	NA	NA
Dma_A0A164KJP0	A0A164KJP0	Dma	Daphnia magna	NULL	0.0	None	0.0	None	0.0	0.0	no_confident_CPAP_hit	low	no_confident_hit	no_ChtBD2_support	1256	3	0	0	0	0	0	0	NA	NA	NA	NA	NA
Dma_A0A164KTN1	A0A164KTN1	Dma	Daphnia magna	NULL	0.0	None	0.0	None	0.0	0.0	no_confident_CPAP_hit	low	no_confident_hit	no_ChtBD2_support	539	12	0	0	0	0	0	0	63	51	60,7,21,12,0	40	145
Dma_A0A164KV13	A0A164KV13	Dma	Daphnia magna	NULL	0.0	None	0.0	None	0.0	0.0	no_confident_CPAP_hit	low	no_confident_hit	no_ChtBD2_support	456	15	0	0	0	0	0	0	48	36	32,21,9,9,17	339	432
Dma_A0A164L146	A0A164L146	Dma	Daphnia magna	NULL	0.0	None	0.0	None	0.0	0.0	no_confident_CPAP_hit	low	no_confident_hit	no_ChtBD2_support	927	14	0	0	0	0	0	0	47	35	26,22,17,3,12	87	172
Dma_A0A164L4T0	A0A164L4T0	Dma	Daphnia magna	NULL	0.0	None	0.0	None	0.0	0.0	no_confident_CPAP_hit	low	no_confident_hit	no_ChtBD2_support	603	10	0	0	0	0	0	0	56	44	25,32,3,25,5	372	467
Dma_A0A164LF84	A0A164LF84	Dma	Daphnia magna	NULL	0.0	None	0.0	None	0.0	0.0	no_confident_CPAP_hit	low	no_confident_hit	no_ChtBD2_support	314	20	0	0	0	0	0	0	14	9	17,5,12,3,7	190	239
Dma_A0A164LP69	A0A164LP69	Dma	Daphnia magna	NULL	0.0	None	0.0	None	0.0	0.0	no_confident_CPAP_hit	low	no_confident_hit	no_ChtBD2_support	165	8	0	0	0	0	0	0	50	50	12,16,5,46,13	19	116
Dma_A0A164LPA4	A0A164LPA4	Dma	Daphnia magna	NULL	0.0	None	0.0	None	0.0	0.0	no_confident_CPAP_hit	low	no_confident_hit	no_ChtBD2_support	798	14	0	0	0	0	0	0	59	54	17,42,4,3,3	563	637
Dma_A0A164LPC5	A0A164LPC5	Dma	Daphnia magna	NULL	0.0	None	0.0	None	0.0	0.0	no_confident_CPAP_hit	low	no_confident_hit	no_ChtBD2_support	204	0	0	0	0	0	0	0	NA	NA	NA	NA	NA
Dma_A0A164MG04	A0A164MG04	Dma	Daphnia magna	NULL	0.0	None	0.0	None	0.0	0.0	no_confident_CPAP_hit	low	no_confident_hit	no_ChtBD2_support	131	2	0	0	0	0	0	0	NA	NA	NA	NA	NA
Dma_A0A164MLN1	A0A164MLN1	Dma	Daphnia magna	NULL	0.0	None	0.0	None	0.0	0.0	no_confident_CPAP_hit	low	no_confident_hit	no_ChtBD2_support	142	0	0	0	0	0	0	0	NA	NA	NA	NA	NA
Dma_A0A164NCG7	A0A164NCG7	Dma	Daphnia magna	NULL	0.0	None	0.0	None	0.0	0.0	no_confident_CPAP_hit	low	no_confident_hit	no_ChtBD2_support	103	0	0	0	0	0	0	0	NA	NA	NA	NA	NA
Dma_A0A164NEQ9	A0A164NEQ9	Dma	Daphnia magna	NULL	0.0	None	0.0	None	0.0	0.0	no_confident_CPAP_hit	low	no_confident_hit	no_ChtBD2_support	458	3	0	0	0	0	0	0	NA	NA	NA	NA	NA
Dma_A0A164NLM3	A0A164NLM3	Dma	Daphnia magna	NULL	0.0	None	0.0	None	0.0	0.0	no_confident_CPAP_hit	low	no_confident_hit	no_ChtBD2_support	364	8	0	0	0	0	0	0	53	41	32,11,7,6,27	90	178
Dma_A0A164NWW6	A0A164NWW6	Dma	Daphnia magna	NULL	0.0	None	0.0	None	0.0	0.0	no_confident_CPAP_hit	low	no_confident_hit	no_ChtBD2_support	1387	9	0	0	0	0	0	0	47	47	7,4,6,48,15	1111	1196
Dma_A0A164PHW4	A0A164PHW4	Dma	Daphnia magna	NULL	0.0	None	0.0	None	0.0	0.0	no_confident_CPAP_hit	low	no_confident_hit	no_ChtBD2_support	793	15	0	0	0	0	0	0	90	80	22,72,0,11,3	324	437
Dma_A0A164PIN1 | SgAbd-1	A0A164PIN1 | SgAbd-1	Dma	Daphnia magna	NULL	0.0	None	0.0	None	0.0	0.0	no_confident_CPAP_hit	low	no_confident_hit	domain_scan_missing	NA	NA	NA	NA	NA	NA	NA	NA	NA	NA	NA	NA	NA
Dma_A0A164PIP9 | CPR65Av	A0A164PIP9 | CPR65Av	Dma	Daphnia magna	NULL	0.0	None	0.0	None	0.0	0.0	no_confident_CPAP_hit	low	no_confident_hit	domain_scan_missing	NA	NA	NA	NA	NA	NA	NA	NA	NA	NA	NA	NA	NA
Dma_A0A164PJ70 | CPR49Ag_iso1	A0A164PJ70 | CPR49Ag_iso1	Dma	Daphnia magna	NULL	0.0	None	0.0	None	0.0	0.0	no_confident_CPAP_hit	low	no_confident_hit	domain_scan_missing	NA	NA	NA	NA	NA	NA	NA	NA	NA	NA	NA	NA	NA
Dma_A0A164PJ70 | CPR49Ag_iso2	A0A164PJ70 | CPR49Ag_iso2	Dma	Daphnia magna	NULL	0.0	None	0.0	None	0.0	0.0	no_confident_CPAP_hit	low	no_confident_hit	domain_scan_missing	NA	NA	NA	NA	NA	NA	NA	NA	NA	NA	NA	NA	NA
Dma_A0A164PJ70 | CPR49Ag_iso3	A0A164PJ70 | CPR49Ag_iso3	Dma	Daphnia magna	NULL	0.0	None	0.0	None	0.0	0.0	no_confident_CPAP_hit	low	no_confident_hit	domain_scan_missing	NA	NA	NA	NA	NA	NA	NA	NA	NA	NA	NA	NA	NA
Dma_A0A164PJC7	A0A164PJC7	Dma	Daphnia magna	NULL	0.0	None	0.0	None	0.0	0.0	no_confident_CPAP_hit	low	no_confident_hit	no_ChtBD2_support	806	11	0	0	0	0	0	0	114	102	70,4,17,7,55	48	206
Dma_A0A164PJT9	A0A164PJT9	Dma	Daphnia magna	NULL	0.0	None	0.0	None	0.0	0.0	no_confident_CPAP_hit	low	no_confident_hit	no_ChtBD2_support	278	33	0	0	0	0	0	0	10	10	11,6,6,8,10	225	271
Dma_A0A164PL39	A0A164PL39	Dma	Daphnia magna	NULL	0.0	None	0.0	None	0.0	0.0	no_confident_CPAP_hit	low	no_confident_hit	no_ChtBD2_support	1243	1	0	0	0	0	0	0	NA	NA	NA	NA	NA
Dma_A0A164PLM5	A0A164PLM5	Dma	Daphnia magna	NULL	0.0	None	0.0	None	0.0	0.0	no_confident_CPAP_hit	low	no_confident_hit	no_ChtBD2_support	369	3	0	0	0	0	0	0	NA	NA	NA	NA	NA
Dma_A0A164PLR1	A0A164PLR1	Dma	Daphnia magna	NULL	30.1	3.9e-08	48.8	7.6e-14	-18.7	48.8	no_confident_CPAP_hit	low	no_confident_hit	ChtBD2_like_but_no_confident_CPAP_HMM	555	19	2	2	3	2	2	3	0	0	11,5,13,12,7	327	380
Dma_A0A164PMY4	A0A164PMY4	Dma	Daphnia magna	NULL	34.8	1.4e-09	19.2	8.1e-05	15.6	34.8	no_confident_CPAP_hit	low	no_confident_hit	ChtBD2_like_but_no_confident_CPAP_HMM	133	6	0	0	1	0	0	1	5	5	11,5,16,12,11	52	112
Dma_A0A164PVJ3	A0A164PVJ3	Dma	Daphnia magna	NULL	0.0	None	0.0	None	0.0	0.0	no_confident_CPAP_hit	low	no_confident_hit	no_ChtBD2_support	446	0	0	0	0	0	0	0	NA	NA	NA	NA	NA
Dma_A0A164QGZ0	A0A164QGZ0	Dma	Daphnia magna	NULL	0.0	None	0.0	None	0.0	0.0	no_confident_CPAP_hit	low	no_confident_hit	no_ChtBD2_support	329	5	0	0	0	0	0	0	NA	NA	NA	NA	NA
Dma_A0A164QLL2	A0A164QLL2	Dma	Daphnia magna	NULL	0.0	None	0.0	None	0.0	0.0	no_confident_CPAP_hit	low	no_confident_hit	no_ChtBD2_support	621	7	0	0	0	0	0	0	195	183	100,13,22,18,97	143	398
Dma_A0A164QU37	A0A164QU37	Dma	Daphnia magna	NULL	0.0	None	0.0	None	0.0	0.0	no_confident_CPAP_hit	low	no_confident_hit	no_ChtBD2_support	171	1	0	0	0	0	0	0	NA	NA	NA	NA	NA
Dma_A0A164R629	A0A164R629	Dma	Daphnia magna	NULL	0.0	None	0.0	None	0.0	0.0	no_confident_CPAP_hit	low	no_confident_hit	no_ChtBD2_support	703	19	0	0	0	0	0	0	10	10	6,4,7,11,5	414	452
Dma_A0A164RHQ1	A0A164RHQ1	Dma	Daphnia magna	NULL	0.0	None	0.0	None	0.0	0.0	no_confident_CPAP_hit	low	no_confident_hit	no_ChtBD2_support	436	1	0	0	0	0	0	0	NA	NA	NA	NA	NA
Dma_A0A164RVL0	A0A164RVL0	Dma	Daphnia magna	NULL	0.0	None	0.0	None	0.0	0.0	no_confident_CPAP_hit	low	no_confident_hit	no_ChtBD2_support	189	0	0	0	0	0	0	0	NA	NA	NA	NA	NA
Dma_A0A164RZD6	A0A164RZD6	Dma	Daphnia magna	NULL	0.0	None	0.0	None	0.0	0.0	no_confident_CPAP_hit	low	no_confident_hit	no_ChtBD2_support	630	0	0	0	0	0	0	0	NA	NA	NA	NA	NA
Dma_A0A164S7N3	A0A164S7N3	Dma	Daphnia magna	NULL	0.0	None	0.0	None	0.0	0.0	no_confident_CPAP_hit	low	no_confident_hit	no_ChtBD2_support	528	22	0	0	0	0	0	0	15	15	9,5,10,5,0	158	192
Dma_A0A164T1N4	A0A164T1N4	Dma	Daphnia magna	NULL	0.0	None	0.0	None	0.0	0.0	no_confident_CPAP_hit	low	no_confident_hit	no_ChtBD2_support	478	12	0	0	0	0	0	0	14	14	12,4,14,29,8	345	417
Dma_A0A164TXN6	A0A164TXN6	Dma	Daphnia magna	NULL	0.0	None	0.0	None	0.0	0.0	no_confident_CPAP_hit	low	no_confident_hit	no_ChtBD2_support	1823	81	0	0	0	0	0	0	14	14	9,5,10,6,0	541	576
Dma_A0A164U0J7	A0A164U0J7	Dma	Daphnia magna	NULL	0.0	None	0.0	None	0.0	0.0	no_confident_CPAP_hit	low	no_confident_hit	no_ChtBD2_support	191	6	0	0	0	0	0	0	142	142	2,24,33,70,49	5	188
Dma_A0A164U2H5	A0A164U2H5	Dma	Daphnia magna	NULL	0.0	None	0.0	None	0.0	0.0	no_confident_CPAP_hit	low	no_confident_hit	no_ChtBD2_support	729	1	0	0	0	0	0	0	NA	NA	NA	NA	NA
Dma_A0A164UBZ2	A0A164UBZ2	Dma	Daphnia magna	NULL	0.0	None	0.0	None	0.0	0.0	no_confident_CPAP_hit	low	no_confident_hit	no_ChtBD2_support	384	7	0	0	0	0	0	0	189	177	87,39,14,12,88	138	383
Dma_A0A164UFW9	A0A164UFW9	Dma	Daphnia magna	NULL	0.0	None	0.0	None	0.0	0.0	no_confident_CPAP_hit	low	no_confident_hit	no_ChtBD2_support	382	14	0	0	0	0	0	0	19	14	17,1,13,8,14	173	231
Dma_A0A164UV49	A0A164UV49	Dma	Daphnia magna	NULL	0.0	None	0.0	None	0.0	0.0	no_confident_CPAP_hit	low	no_confident_hit	no_ChtBD2_support	175	0	0	0	0	0	0	0	NA	NA	NA	NA	NA
Dma_A0A164V3C5	A0A164V3C5	Dma	Daphnia magna	NULL	0.0	None	0.0	None	0.0	0.0	no_confident_CPAP_hit	low	no_confident_hit	no_ChtBD2_support	519	2	0	0	0	0	0	0	NA	NA	NA	NA	NA
Dma_A0A164V864	A0A164V864	Dma	Daphnia magna	NULL	0.0	None	0.0	None	0.0	0.0	no_confident_CPAP_hit	low	no_confident_hit	no_ChtBD2_support	361	1	0	0	0	0	0	0	NA	NA	NA	NA	NA
Dma_A0A164VEC4	A0A164VEC4	Dma	Daphnia magna	NULL	0.0	None	0.0	None	0.0	0.0	no_confident_CPAP_hit	low	no_confident_hit	no_ChtBD2_support	267	9	0	0	0	0	0	0	71	59	33,4,61,18,7	120	248
Dma_A0A164VFT6	A0A164VFT6	Dma	Daphnia magna	NULL	0.0	None	0.0	None	0.0	0.0	no_confident_CPAP_hit	low	no_confident_hit	no_ChtBD2_support	896	28	0	0	0	0	0	0	22	22	3,7,11,28,7	354	415
Dma_A0A164VFV8	A0A164VFV8	Dma	Daphnia magna	NULL	0.0	None	0.0	None	0.0	0.0	no_confident_CPAP_hit	low	no_confident_hit	no_ChtBD2_support	549	3	0	0	0	0	0	0	NA	NA	NA	NA	NA
Dma_A0A164VK58	A0A164VK58	Dma	Daphnia magna	NULL	0.0	None	0.0	None	0.0	0.0	no_confident_CPAP_hit	low	no_confident_hit	no_ChtBD2_support	1492	0	0	0	0	0	0	0	NA	NA	NA	NA	NA
Dma_A0A164VLV1	A0A164VLV1	Dma	Daphnia magna	NULL	0.0	None	0.0	None	0.0	0.0	no_confident_CPAP_hit	low	no_confident_hit	no_ChtBD2_support	223	11	0	0	0	0	0	0	32	32	2,2,14,28,16	97	164
Dma_A0A164VNS4	A0A164VNS4	Dma	Daphnia magna	NULL	0.0	None	0.0	None	0.0	0.0	no_confident_CPAP_hit	low	no_confident_hit	no_ChtBD2_support	129	0	0	0	0	0	0	0	NA	NA	NA	NA	NA
Dma_A0A164VQM0	A0A164VQM0	Dma	Daphnia magna	NULL	0.0	None	0.0	None	0.0	0.0	no_confident_CPAP_hit	low	no_confident_hit	no_ChtBD2_support	424	2	0	0	0	0	0	0	NA	NA	NA	NA	NA
Dma_A0A164W346	A0A164W346	Dma	Daphnia magna	NULL	0.0	None	0.0	None	0.0	0.0	no_confident_CPAP_hit	low	no_confident_hit	no_ChtBD2_support	746	1	0	0	0	0	0	0	NA	NA	NA	NA	NA
Dma_A0A164WL64	A0A164WL64	Dma	Daphnia magna	NULL	0.0	None	0.0	None	0.0	0.0	no_confident_CPAP_hit	low	no_confident_hit	no_ChtBD2_support	172	7	0	0	0	0	0	0	75	75	11,11,76,8,11	19	141
Dma_A0A164WRM1	A0A164WRM1	Dma	Daphnia magna	NULL	0.0	None	0.0	None	0.0	0.0	no_confident_CPAP_hit	low	no_confident_hit	no_ChtBD2_support	3109	64	0	0	0	0	0	0	19	7	25,4,11,7,8	159	219
Dma_A0A164WTV1	A0A164WTV1	Dma	Daphnia magna	NULL	0.0	None	0.0	None	0.0	0.0	no_confident_CPAP_hit	low	no_confident_hit	no_ChtBD2_support	394	5	0	0	0	0	0	0	NA	NA	NA	NA	NA
Dma_A0A164WWC9	A0A164WWC9	Dma	Daphnia magna	NULL	0.0	None	0.0	None	0.0	0.0	no_confident_CPAP_hit	low	no_confident_hit	no_ChtBD2_support	3533	96	0	0	0	0	0	0	11	11	9,5,14,9,0	171	213
Dma_A0A164WYK8	A0A164WYK8	Dma	Daphnia magna	NULL	0.0	None	0.0	None	0.0	0.0	no_confident_CPAP_hit	low	no_confident_hit	no_ChtBD2_support	536	15	0	0	0	0	0	0	16	16	9,5,22,13,0	82	136
Dma_A0A164XQP6	A0A164XQP6	Dma	Daphnia magna	NULL	0.0	None	0.0	None	0.0	0.0	no_confident_CPAP_hit	low	no_confident_hit	no_ChtBD2_support	783	1	0	0	0	0	0	0	NA	NA	NA	NA	NA
Dma_A0A164XXI4	A0A164XXI4	Dma	Daphnia magna	NULL	0.0	None	0.0	None	0.0	0.0	no_confident_CPAP_hit	low	no_confident_hit	no_ChtBD2_support	504	11	0	0	0	0	0	0	68	68	9,42,2,9,27	203	297
Dma_A0A164XY56	A0A164XY56	Dma	Daphnia magna	NULL	0.0	None	0.0	None	0.0	0.0	no_confident_CPAP_hit	low	no_confident_hit	no_ChtBD2_support	204	0	0	0	0	0	0	0	NA	NA	NA	NA	NA
Dma_A0A164Y6Z1	A0A164Y6Z1	Dma	Daphnia magna	NULL	0.0	None	0.0	None	0.0	0.0	no_confident_CPAP_hit	low	no_confident_hit	ChtBD2_like_but_no_confident_CPAP_HMM	657	17	0	0	1	0	0	1	8	8	9,5,16,20,7	292	354
Dma_A0A164YAJ9	A0A164YAJ9	Dma	Daphnia magna	NULL	0.0	None	0.0	None	0.0	0.0	no_confident_CPAP_hit	low	no_confident_hit	no_ChtBD2_support	348	5	0	0	0	0	0	0	NA	NA	NA	NA	NA
Dma_A0A164YCT3	A0A164YCT3	Dma	Daphnia magna	NULL	0.0	None	0.0	None	0.0	0.0	no_confident_CPAP_hit	low	no_confident_hit	no_ChtBD2_support	2583	38	0	0	0	0	0	0	57	45	42,29,9,10,9	2439	2543
Dma_A0A164YX87	A0A164YX87	Dma	Daphnia magna	NULL	0.0	None	0.0	None	0.0	0.0	no_confident_CPAP_hit	low	no_confident_hit	no_ChtBD2_support	1326	18	0	0	0	0	0	0	47	35	32,20,9,9,17	1019	1111
Dma_A0A164ZHM0	A0A164ZHM0	Dma	Daphnia magna	NULL	0.0	None	0.0	None	0.0	0.0	no_confident_CPAP_hit	low	no_confident_hit	no_ChtBD2_support	191	5	0	0	0	0	0	0	NA	NA	NA	NA	NA
Dma_A0A164ZQJ8	A0A164ZQJ8	Dma	Daphnia magna	NULL	0.0	None	0.0	None	0.0	0.0	no_confident_CPAP_hit	low	no_confident_hit	no_ChtBD2_support	107	0	0	0	0	0	0	0	NA	NA	NA	NA	NA
Dma_A0A164ZRB3	A0A164ZRB3	Dma	Daphnia magna	NULL	0.0	None	0.0	None	0.0	0.0	no_confident_CPAP_hit	low	no_confident_hit	no_ChtBD2_support	131	1	0	0	0	0	0	0	NA	NA	NA	NA	NA
Dma_A0A164ZW19_iso1	A0A164ZW19_iso1	Dma	Daphnia magna	NULL	0.0	None	0.0	None	0.0	0.0	no_confident_CPAP_hit	low	no_confident_hit	no_ChtBD2_support	455	5	0	0	0	0	0	0	NA	NA	NA	NA	NA
Dma_A0A164ZW19_iso2	A0A164ZW19_iso2	Dma	Daphnia magna	NULL	0.0	None	0.0	None	0.0	0.0	no_confident_CPAP_hit	low	no_confident_hit	no_ChtBD2_support	1192	16	0	0	0	0	0	0	125	125	6,106,2,9,17	383	528
Dma_A0A164ZXW0	A0A164ZXW0	Dma	Daphnia magna	NULL	0.0	None	0.0	None	0.0	0.0	no_confident_CPAP_hit	low	no_confident_hit	no_ChtBD2_support	999	5	0	0	0	0	0	0	NA	NA	NA	NA	NA
Dma_A0A164ZY01	A0A164ZY01	Dma	Daphnia magna	NULL	0.0	None	0.0	None	0.0	0.0	no_confident_CPAP_hit	low	no_confident_hit	no_ChtBD2_support	441	10	0	0	0	0	0	0	146	134	120,12,39,15,0	17	208
Dma_A0A165A0I1	A0A165A0I1	Dma	Daphnia magna	NULL	0.0	None	0.0	None	0.0	0.0	no_confident_CPAP_hit	low	no_confident_hit	no_ChtBD2_support	385	1	0	0	0	0	0	0	NA	NA	NA	NA	NA
Dma_A0A165AJR0	A0A165AJR0	Dma	Daphnia magna	NULL	0.0	None	0.0	None	0.0	0.0	no_confident_CPAP_hit	low	no_confident_hit	no_ChtBD2_support	266	2	0	0	0	0	0	0	NA	NA	NA	NA	NA
Dma_A0A165AJU8	A0A165AJU8	Dma	Daphnia magna	NULL	0.0	None	0.0	None	0.0	0.0	no_confident_CPAP_hit	low	no_confident_hit	no_ChtBD2_support	1018	12	0	0	0	0	0	0	64	64	0,40,12,20,22	5	104
Dma_Q9NA03	Q9NA03	Dma	Daphnia magna	NULL	0.0	None	0.0	None	0.0	0.0	no_confident_CPAP_hit	low	no_confident_hit	no_ChtBD2_support	302	3	0	0	0	0	0	0	NA	NA	NA	NA	NA
Dma_S4UCD8	S4UCD8	Dma	Daphnia magna	NULL	0.0	None	0.0	None	0.0	0.0	no_confident_CPAP_hit	low	no_confident_hit	no_ChtBD2_support	498	0	0	0	0	0	0	0	NA	NA	NA	NA	NA
Dme_ACP1	ACP1	Dme	Drosophila melanogaster	CPLCG	0.0	None	0.0	None	0.0	0.0	no_confident_CPAP_hit	low	no_confident_hit	no_ChtBD2_support	135	0	0	0	0	0	0	0	NA	NA	NA	NA	NA
Dme_ACP65A	ACP65A	Dme	Drosophila melanogaster	CPR RR-1	0.0	None	0.0	None	0.0	0.0	no_confident_CPAP_hit	low	no_confident_hit	no_ChtBD2_support	105	0	0	0	0	0	0	0	NA	NA	NA	NA	NA
Dme_CG13670	CG13670	Dme	Drosophila melanogaster	CPR	0.0	None	0.0	None	0.0	0.0	no_confident_CPAP_hit	low	no_confident_hit	no_ChtBD2_support	266	2	0	0	0	0	0	0	NA	NA	NA	NA	NA
Dme_CG14638	CG14638	Dme	Drosophila melanogaster	Tweedle	0.0	None	0.0	None	0.0	0.0	no_confident_CPAP_hit	low	no_confident_hit	no_ChtBD2_support	156	4	0	0	0	0	0	0	NA	NA	NA	NA	NA
Dme_CG5480	CG5480	Dme	Drosophila melanogaster	Tweedle	0.0	None	0.0	None	0.0	0.0	no_confident_CPAP_hit	low	no_confident_hit	no_ChtBD2_support	283	0	0	0	0	0	0	0	NA	NA	NA	NA	NA
Dme_CG6478	CG6478	Dme	Drosophila melanogaster	Tweedle	0.0	None	0.0	None	0.0	0.0	no_confident_CPAP_hit	low	no_confident_hit	no_ChtBD2_support	286	2	0	0	0	0	0	0	NA	NA	NA	NA	NA
Dme_CG7203	CG7203	Dme	Drosophila melanogaster	CPLCG	0.0	None	0.0	None	0.0	0.0	no_confident_CPAP_hit	low	no_confident_hit	no_ChtBD2_support	145	0	0	0	0	0	0	0	NA	NA	NA	NA	NA
Dme_CG7214	CG7214	Dme	Drosophila melanogaster	CPLCG	0.0	None	0.0	None	0.0	0.0	no_confident_CPAP_hit	low	no_confident_hit	no_ChtBD2_support	142	1	0	0	0	0	0	0	NA	NA	NA	NA	NA
Dme_CG7548	CG7548	Dme	Drosophila melanogaster	CPF	0.0	None	0.0	None	0.0	0.0	no_confident_CPAP_hit	low	no_confident_hit	no_ChtBD2_support	175	0	0	0	0	0	0	0	NA	NA	NA	NA	NA
Dme_CG8541	CG8541	Dme	Drosophila melanogaster	CPF	0.0	None	0.0	None	0.0	0.0	no_confident_CPAP_hit	low	no_confident_hit	no_ChtBD2_support	257	0	0	0	0	0	0	0	NA	NA	NA	NA	NA
Dme_CG8543	CG8543	Dme	Drosophila melanogaster	CPF	0.0	None	0.0	None	0.0	0.0	no_confident_CPAP_hit	low	no_confident_hit	no_ChtBD2_support	200	0	0	0	0	0	0	0	NA	NA	NA	NA	NA
Dme_CPR92A	CPR92A	Dme	Drosophila melanogaster	CPR RR-2	0.0	None	0.0	None	0.0	0.0	no_confident_CPAP_hit	low	no_confident_hit	no_ChtBD2_support	245	0	0	0	0	0	0	0	NA	NA	NA	NA	NA
Dme_CRYS	CRYS	Dme	Drosophila melanogaster	CPR RR-2	0.0	None	0.0	None	0.0	0.0	no_confident_CPAP_hit	low	no_confident_hit	no_ChtBD2_support	472	2	0	0	0	0	0	0	NA	NA	NA	NA	NA
Dme_Ccp84Aa	Ccp84Aa	Dme	Drosophila melanogaster	CPR RR-2	0.0	None	0.0	None	0.0	0.0	no_confident_CPAP_hit	low	no_confident_hit	no_ChtBD2_support	205	0	0	0	0	0	0	0	NA	NA	NA	NA	NA
Dme_Ccp84Ab	Ccp84Ab	Dme	Drosophila melanogaster	CPR RR-2	0.0	None	0.0	None	0.0	0.0	no_confident_CPAP_hit	low	no_confident_hit	no_ChtBD2_support	221	0	0	0	0	0	0	0	NA	NA	NA	NA	NA
Dme_Ccp84Ac	Ccp84Ac	Dme	Drosophila melanogaster	CPR RR-2	0.0	None	0.0	None	0.0	0.0	no_confident_CPAP_hit	low	no_confident_hit	no_ChtBD2_support	217	2	0	0	0	0	0	0	NA	NA	NA	NA	NA
Dme_Ccp84Ad	Ccp84Ad	Dme	Drosophila melanogaster	CPR RR-2	0.0	None	0.0	None	0.0	0.0	no_confident_CPAP_hit	low	no_confident_hit	no_ChtBD2_support	199	0	0	0	0	0	0	0	NA	NA	NA	NA	NA
Dme_Ccp84Ae	Ccp84Ae	Dme	Drosophila melanogaster	CPR RR-2	0.0	None	0.0	None	0.0	0.0	no_confident_CPAP_hit	low	no_confident_hit	no_ChtBD2_support	208	0	0	0	0	0	0	0	NA	NA	NA	NA	NA
Dme_Ccp84Af	Ccp84Af	Dme	Drosophila melanogaster	CPR RR-2	0.0	None	0.0	None	0.0	0.0	no_confident_CPAP_hit	low	no_confident_hit	no_ChtBD2_support	151	0	0	0	0	0	0	0	NA	NA	NA	NA	NA
Dme_Ccp84Ag	Ccp84Ag	Dme	Drosophila melanogaster	CPR RR-2	0.0	None	0.0	None	0.0	0.0	no_confident_CPAP_hit	low	no_confident_hit	no_ChtBD2_support	191	1	0	0	0	0	0	0	NA	NA	NA	NA	NA
Dme_Cht2	Cht2	Dme	Drosophila melanogaster	Chitinase	0.0	None	0.0	None	0.0	0.0	no_confident_CPAP_hit	low	no_confident_hit	no_ChtBD2_support	484	5	0	0	0	0	0	0	NA	NA	NA	NA	NA
Dme_Cpr100A	Cpr100A	Dme	Drosophila melanogaster	CPR RR-1	0.0	None	0.0	None	0.0	0.0	no_confident_CPAP_hit	low	no_confident_hit	no_ChtBD2_support	241	0	0	0	0	0	0	0	NA	NA	NA	NA	NA
Dme_Cpr11A	Cpr11A	Dme	Drosophila melanogaster	CPR RR-1	0.0	None	0.0	None	0.0	0.0	no_confident_CPAP_hit	low	no_confident_hit	no_ChtBD2_support	270	0	0	0	0	0	0	0	NA	NA	NA	NA	NA
Dme_Cpr11B_iso1	Cpr11B_iso1	Dme	Drosophila melanogaster	CPR RR-1	0.0	None	0.0	None	0.0	0.0	no_confident_CPAP_hit	low	no_confident_hit	no_ChtBD2_support	195	0	0	0	0	0	0	0	NA	NA	NA	NA	NA
Dme_Cpr11B_iso2	Cpr11B_iso2	Dme	Drosophila melanogaster	CPR RR-1	0.0	None	0.0	None	0.0	0.0	no_confident_CPAP_hit	low	no_confident_hit	no_ChtBD2_support	197	0	0	0	0	0	0	0	NA	NA	NA	NA	NA
Dme_Cpr12A	Cpr12A	Dme	Drosophila melanogaster	NULL	0.0	None	0.0	None	0.0	0.0	no_confident_CPAP_hit	low	no_confident_hit	no_ChtBD2_support	173	0	0	0	0	0	0	0	NA	NA	NA	NA	NA
Dme_Cpr23B	Cpr23B	Dme	Drosophila melanogaster	CPR RR-2	0.0	None	0.0	None	0.0	0.0	no_confident_CPAP_hit	low	no_confident_hit	no_ChtBD2_support	302	0	0	0	0	0	0	0	NA	NA	NA	NA	NA
Dme_Cpr30B	Cpr30B	Dme	Drosophila melanogaster	CPR RR-2	0.0	None	0.0	None	0.0	0.0	no_confident_CPAP_hit	low	no_confident_hit	no_ChtBD2_support	153	2	0	0	0	0	0	0	NA	NA	NA	NA	NA
Dme_Cpr30F	Cpr30F	Dme	Drosophila melanogaster	CPR RR-2	0.0	None	0.0	None	0.0	0.0	no_confident_CPAP_hit	low	no_confident_hit	no_ChtBD2_support	146	0	0	0	0	0	0	0	NA	NA	NA	NA	NA
Dme_Cpr31A	Cpr31A	Dme	Drosophila melanogaster	CPR RR-2	0.0	None	0.0	None	0.0	0.0	no_confident_CPAP_hit	low	no_confident_hit	no_ChtBD2_support	340	1	0	0	0	0	0	0	NA	NA	NA	NA	NA
Dme_Cpr35B	Cpr35B	Dme	Drosophila melanogaster	CPR RR-2	0.0	None	0.0	None	0.0	0.0	no_confident_CPAP_hit	low	no_confident_hit	no_ChtBD2_support	218	0	0	0	0	0	0	0	NA	NA	NA	NA	NA
Dme_Cpr47Ea	Cpr47Ea	Dme	Drosophila melanogaster	CPR RR-1	0.0	None	0.0	None	0.0	0.0	no_confident_CPAP_hit	low	no_confident_hit	no_ChtBD2_support	135	2	0	0	0	0	0	0	NA	NA	NA	NA	NA
Dme_Cpr47Eb	Cpr47Eb	Dme	Drosophila melanogaster	CPR RR-1	0.0	None	0.0	None	0.0	0.0	no_confident_CPAP_hit	low	no_confident_hit	no_ChtBD2_support	214	1	0	0	0	0	0	0	NA	NA	NA	NA	NA
Dme_Cpr47Ec	Cpr47Ec	Dme	Drosophila melanogaster	CPR RR-1	0.0	None	0.0	None	0.0	0.0	no_confident_CPAP_hit	low	no_confident_hit	no_ChtBD2_support	131	2	0	0	0	0	0	0	NA	NA	NA	NA	NA
Dme_Cpr47Ed	Cpr47Ed	Dme	Drosophila melanogaster	CPR RR-1	0.0	None	0.0	None	0.0	0.0	no_confident_CPAP_hit	low	no_confident_hit	no_ChtBD2_support	127	3	0	0	0	0	0	0	NA	NA	NA	NA	NA
Dme_Cpr47Ee	Cpr47Ee	Dme	Drosophila melanogaster	CPR RR-1	0.0	None	0.0	None	0.0	0.0	no_confident_CPAP_hit	low	no_confident_hit	no_ChtBD2_support	369	1	0	0	0	0	0	0	NA	NA	NA	NA	NA
Dme_Cpr47Ef_iso1	Cpr47Ef_iso1	Dme	Drosophila melanogaster	CPR RR-1	0.0	None	0.0	None	0.0	0.0	no_confident_CPAP_hit	low	no_confident_hit	no_ChtBD2_support	612	0	0	0	0	0	0	0	NA	NA	NA	NA	NA
Dme_Cpr47Ef_iso2	Cpr47Ef_iso2	Dme	Drosophila melanogaster	CPR RR-1	0.0	None	0.0	None	0.0	0.0	no_confident_CPAP_hit	low	no_confident_hit	no_ChtBD2_support	601	0	0	0	0	0	0	0	NA	NA	NA	NA	NA
Dme_Cpr47Eg	Cpr47Eg	Dme	Drosophila melanogaster	CPR RR-1	0.0	None	0.0	None	0.0	0.0	no_confident_CPAP_hit	low	no_confident_hit	no_ChtBD2_support	117	1	0	0	0	0	0	0	NA	NA	NA	NA	NA
Dme_Cpr49Aa	Cpr49Aa	Dme	Drosophila melanogaster	CPR RR-1	0.0	None	0.0	None	0.0	0.0	no_confident_CPAP_hit	low	no_confident_hit	no_ChtBD2_support	144	0	0	0	0	0	0	0	NA	NA	NA	NA	NA
Dme_Cpr49Ab	Cpr49Ab	Dme	Drosophila melanogaster	CPR RR-1	0.0	None	0.0	None	0.0	0.0	no_confident_CPAP_hit	low	no_confident_hit	no_ChtBD2_support	259	0	0	0	0	0	0	0	NA	NA	NA	NA	NA
Dme_Cpr49Ac_iso1	Cpr49Ac_iso1	Dme	Drosophila melanogaster	CPR RR-1	0.0	None	0.0	None	0.0	0.0	no_confident_CPAP_hit	low	no_confident_hit	no_ChtBD2_support	294	1	0	0	0	0	0	0	NA	NA	NA	NA	NA
Dme_Cpr49Ac_iso2	Cpr49Ac_iso2	Dme	Drosophila melanogaster	CPR RR-1	0.0	None	0.0	None	0.0	0.0	no_confident_CPAP_hit	low	no_confident_hit	no_ChtBD2_support	315	1	0	0	0	0	0	0	NA	NA	NA	NA	NA
Dme_Cpr49Ac_iso3	Cpr49Ac_iso3	Dme	Drosophila melanogaster	CPR RR-1	0.0	None	0.0	None	0.0	0.0	no_confident_CPAP_hit	low	no_confident_hit	no_ChtBD2_support	324	1	0	0	0	0	0	0	NA	NA	NA	NA	NA
Dme_Cpr49Ac_iso4	Cpr49Ac_iso4	Dme	Drosophila melanogaster	CPR RR-1	0.0	None	0.0	None	0.0	0.0	no_confident_CPAP_hit	low	no_confident_hit	no_ChtBD2_support	123	1	0	0	0	0	0	0	NA	NA	NA	NA	NA
Dme_Cpr49Ac_iso5	Cpr49Ac_iso5	Dme	Drosophila melanogaster	CPR RR-1	0.0	None	0.0	None	0.0	0.0	no_confident_CPAP_hit	low	no_confident_hit	no_ChtBD2_support	285	1	0	0	0	0	0	0	NA	NA	NA	NA	NA
Dme_Cpr49Ad	Cpr49Ad	Dme	Drosophila melanogaster	CPR RR-1	0.0	None	0.0	None	0.0	0.0	no_confident_CPAP_hit	low	no_confident_hit	no_ChtBD2_support	166	2	0	0	0	0	0	0	NA	NA	NA	NA	NA
Dme_Cpr49Ae	Cpr49Ae	Dme	Drosophila melanogaster	CPR RR-1	0.0	None	0.0	None	0.0	0.0	no_confident_CPAP_hit	low	no_confident_hit	no_ChtBD2_support	134	3	0	0	0	0	0	0	NA	NA	NA	NA	NA
Dme_Cpr49Af	Cpr49Af	Dme	Drosophila melanogaster	CPR RR-1	0.0	None	0.0	None	0.0	0.0	no_confident_CPAP_hit	low	no_confident_hit	no_ChtBD2_support	126	0	0	0	0	0	0	0	NA	NA	NA	NA	NA
Dme_Cpr49Ag	Cpr49Ag	Dme	Drosophila melanogaster	CPR RR-1	0.0	None	0.0	None	0.0	0.0	no_confident_CPAP_hit	low	no_confident_hit	no_ChtBD2_support	134	1	0	0	0	0	0	0	NA	NA	NA	NA	NA
Dme_Cpr49Ah	Cpr49Ah	Dme	Drosophila melanogaster	CPR RR-1	0.0	None	0.0	None	0.0	0.0	no_confident_CPAP_hit	low	no_confident_hit	no_ChtBD2_support	190	1	0	0	0	0	0	0	NA	NA	NA	NA	NA
Dme_Cpr50Ca	Cpr50Ca	Dme	Drosophila melanogaster	CPR RR-2	0.0	None	0.0	None	0.0	0.0	no_confident_CPAP_hit	low	no_confident_hit	no_ChtBD2_support	815	1	0	0	0	0	0	0	NA	NA	NA	NA	NA
Dme_Cpr50Cb	Cpr50Cb	Dme	Drosophila melanogaster	CPR RR-2	0.0	None	0.0	None	0.0	0.0	no_confident_CPAP_hit	low	no_confident_hit	no_ChtBD2_support	178	0	0	0	0	0	0	0	NA	NA	NA	NA	NA
Dme_Cpr51A	Cpr51A	Dme	Drosophila melanogaster	NULL	0.0	None	0.0	None	0.0	0.0	no_confident_CPAP_hit	low	no_confident_hit	no_ChtBD2_support	144	1	0	0	0	0	0	0	NA	NA	NA	NA	NA
Dme_Cpr56F	Cpr56F	Dme	Drosophila melanogaster	CPR RR-2	0.0	None	0.0	None	0.0	0.0	no_confident_CPAP_hit	low	no_confident_hit	no_ChtBD2_support	217	1	0	0	0	0	0	0	NA	NA	NA	NA	NA
Dme_Cpr57A_iso1	Cpr57A_iso1	Dme	Drosophila melanogaster	CPR RR-1	0.0	None	0.0	None	0.0	0.0	no_confident_CPAP_hit	low	no_confident_hit	no_ChtBD2_support	184	1	0	0	0	0	0	0	NA	NA	NA	NA	NA
Dme_Cpr57A_iso2	Cpr57A_iso2	Dme	Drosophila melanogaster	CPR RR-1	0.0	None	0.0	None	0.0	0.0	no_confident_CPAP_hit	low	no_confident_hit	no_ChtBD2_support	184	1	0	0	0	0	0	0	NA	NA	NA	NA	NA
Dme_Cpr5C	Cpr5C	Dme	Drosophila melanogaster	CPR RR-2	0.0	None	0.0	None	0.0	0.0	no_confident_CPAP_hit	low	no_confident_hit	no_ChtBD2_support	145	0	0	0	0	0	0	0	NA	NA	NA	NA	NA
Dme_Cpr60D	Cpr60D	Dme	Drosophila melanogaster	NULL	0.0	None	0.0	None	0.0	0.0	no_confident_CPAP_hit	low	no_confident_hit	no_ChtBD2_support	93	1	0	0	0	0	0	0	NA	NA	NA	NA	NA
Dme_Cpr62Ba	Cpr62Ba	Dme	Drosophila melanogaster	CPR RR-2	0.0	None	0.0	None	0.0	0.0	no_confident_CPAP_hit	low	no_confident_hit	no_ChtBD2_support	136	1	0	0	0	0	0	0	NA	NA	NA	NA	NA
Dme_Cpr62Bb	Cpr62Bb	Dme	Drosophila melanogaster	CPR RR-2	0.0	None	0.0	None	0.0	0.0	no_confident_CPAP_hit	low	no_confident_hit	no_ChtBD2_support	194	1	0	0	0	0	0	0	NA	NA	NA	NA	NA
Dme_Cpr62Bc	Cpr62Bc	Dme	Drosophila melanogaster	CPR RR-2	0.0	None	0.0	None	0.0	0.0	no_confident_CPAP_hit	low	no_confident_hit	no_ChtBD2_support	180	1	0	0	0	0	0	0	NA	NA	NA	NA	NA
Dme_Cpr64Aa	Cpr64Aa	Dme	Drosophila melanogaster	CPR RR-2	0.0	None	0.0	None	0.0	0.0	no_confident_CPAP_hit	low	no_confident_hit	no_ChtBD2_support	192	0	0	0	0	0	0	0	NA	NA	NA	NA	NA
Dme_Cpr64Ab	Cpr64Ab	Dme	Drosophila melanogaster	CPR RR-2	0.0	None	0.0	None	0.0	0.0	no_confident_CPAP_hit	low	no_confident_hit	no_ChtBD2_support	120	3	0	0	0	0	0	0	NA	NA	NA	NA	NA
Dme_Cpr64Ac	Cpr64Ac	Dme	Drosophila melanogaster	CPR RR-2	0.0	None	0.0	None	0.0	0.0	no_confident_CPAP_hit	low	no_confident_hit	no_ChtBD2_support	188	0	0	0	0	0	0	0	NA	NA	NA	NA	NA
Dme_Cpr64Ad	Cpr64Ad	Dme	Drosophila melanogaster	CPR RR-1	0.0	None	0.0	None	0.0	0.0	no_confident_CPAP_hit	low	no_confident_hit	no_ChtBD2_support	247	0	0	0	0	0	0	0	NA	NA	NA	NA	NA
Dme_Cpr65Au	Cpr65Au	Dme	Drosophila melanogaster	CPR RR-1	0.0	None	0.0	None	0.0	0.0	no_confident_CPAP_hit	low	no_confident_hit	no_ChtBD2_support	106	1	0	0	0	0	0	0	NA	NA	NA	NA	NA
Dme_Cpr65Av	Cpr65Av	Dme	Drosophila melanogaster	CPR RR-1	0.0	None	0.0	None	0.0	0.0	no_confident_CPAP_hit	low	no_confident_hit	no_ChtBD2_support	111	2	0	0	0	0	0	0	NA	NA	NA	NA	NA
Dme_Cpr65Aw_iso1	Cpr65Aw_iso1	Dme	Drosophila melanogaster	CPR RR-1	0.0	None	0.0	None	0.0	0.0	no_confident_CPAP_hit	low	no_confident_hit	no_ChtBD2_support	117	3	0	0	0	0	0	0	NA	NA	NA	NA	NA
Dme_Cpr65Aw_iso2	Cpr65Aw_iso2	Dme	Drosophila melanogaster	CPR RR-1	0.0	None	0.0	None	0.0	0.0	no_confident_CPAP_hit	low	no_confident_hit	no_ChtBD2_support	86	1	0	0	0	0	0	0	NA	NA	NA	NA	NA
Dme_Cpr65Ax1	Cpr65Ax1	Dme	Drosophila melanogaster	CPR RR-1	0.0	None	0.0	None	0.0	0.0	no_confident_CPAP_hit	low	no_confident_hit	no_ChtBD2_support	102	0	0	0	0	0	0	0	NA	NA	NA	NA	NA
Dme_Cpr65Ax2	Cpr65Ax2	Dme	Drosophila melanogaster	CPR RR-1	0.0	None	0.0	None	0.0	0.0	no_confident_CPAP_hit	low	no_confident_hit	no_ChtBD2_support	102	0	0	0	0	0	0	0	NA	NA	NA	NA	NA
Dme_Cpr65Ay	Cpr65Ay	Dme	Drosophila melanogaster	NULL	0.0	None	0.0	None	0.0	0.0	no_confident_CPAP_hit	low	no_confident_hit	no_ChtBD2_support	109	0	0	0	0	0	0	0	NA	NA	NA	NA	NA
Dme_Cpr65Az	Cpr65Az	Dme	Drosophila melanogaster	CPR RR-1	0.0	None	0.0	None	0.0	0.0	no_confident_CPAP_hit	low	no_confident_hit	no_ChtBD2_support	239	3	0	0	0	0	0	0	NA	NA	NA	NA	NA
Dme_Cpr65Ea	Cpr65Ea	Dme	Drosophila melanogaster	CPR RR-1	0.0	None	0.0	None	0.0	0.0	no_confident_CPAP_hit	low	no_confident_hit	no_ChtBD2_support	127	1	0	0	0	0	0	0	NA	NA	NA	NA	NA
Dme_Cpr65Eb	Cpr65Eb	Dme	Drosophila melanogaster	CPR RR-1	0.0	None	0.0	None	0.0	0.0	no_confident_CPAP_hit	low	no_confident_hit	no_ChtBD2_support	179	0	0	0	0	0	0	0	NA	NA	NA	NA	NA
Dme_Cpr65Ec	Cpr65Ec	Dme	Drosophila melanogaster	CPR RR-1	0.0	None	0.0	None	0.0	0.0	no_confident_CPAP_hit	low	no_confident_hit	no_ChtBD2_support	127	1	0	0	0	0	0	0	NA	NA	NA	NA	NA
Dme_Cpr66Ca_iso1	Cpr66Ca_iso1	Dme	Drosophila melanogaster	CPR RR-2	0.0	None	0.0	None	0.0	0.0	no_confident_CPAP_hit	low	no_confident_hit	no_ChtBD2_support	312	0	0	0	0	0	0	0	NA	NA	NA	NA	NA
Dme_Cpr66Ca_iso2	Cpr66Ca_iso2	Dme	Drosophila melanogaster	CPR RR-2	0.0	None	0.0	None	0.0	0.0	no_confident_CPAP_hit	low	no_confident_hit	no_ChtBD2_support	138	0	0	0	0	0	0	0	NA	NA	NA	NA	NA
Dme_Cpr66Cb	Cpr66Cb	Dme	Drosophila melanogaster	CPR RR-2	0.0	None	0.0	None	0.0	0.0	no_confident_CPAP_hit	low	no_confident_hit	no_ChtBD2_support	162	1	0	0	0	0	0	0	NA	NA	NA	NA	NA
Dme_Cpr66D	Cpr66D	Dme	Drosophila melanogaster	CPR RR-2	0.0	None	0.0	None	0.0	0.0	no_confident_CPAP_hit	low	no_confident_hit	no_ChtBD2_support	270	1	0	0	0	0	0	0	NA	NA	NA	NA	NA
Dme_Cpr67B	Cpr67B	Dme	Drosophila melanogaster	CPR RR-3	0.0	None	0.0	None	0.0	0.0	no_confident_CPAP_hit	low	no_confident_hit	no_ChtBD2_support	260	1	0	0	0	0	0	0	NA	NA	NA	NA	NA
Dme_Cpr67Fa1	Cpr67Fa1	Dme	Drosophila melanogaster	CPR RR-1	0.0	None	0.0	None	0.0	0.0	no_confident_CPAP_hit	low	no_confident_hit	no_ChtBD2_support	134	1	0	0	0	0	0	0	NA	NA	NA	NA	NA
Dme_Cpr67Fa2	Cpr67Fa2	Dme	Drosophila melanogaster	CPR RR-1	0.0	None	0.0	None	0.0	0.0	no_confident_CPAP_hit	low	no_confident_hit	no_ChtBD2_support	134	1	0	0	0	0	0	0	NA	NA	NA	NA	NA
Dme_Cpr67Fb	Cpr67Fb	Dme	Drosophila melanogaster	CPR RR-1	0.0	None	0.0	None	0.0	0.0	no_confident_CPAP_hit	low	no_confident_hit	no_ChtBD2_support	122	0	0	0	0	0	0	0	NA	NA	NA	NA	NA
Dme_Cpr72Ea	Cpr72Ea	Dme	Drosophila melanogaster	CPR RR-3	0.0	None	0.0	None	0.0	0.0	no_confident_CPAP_hit	low	no_confident_hit	no_ChtBD2_support	341	0	0	0	0	0	0	0	NA	NA	NA	NA	NA
Dme_Cpr72Eb	Cpr72Eb	Dme	Drosophila melanogaster	CPR RR-3	0.0	None	0.0	None	0.0	0.0	no_confident_CPAP_hit	low	no_confident_hit	no_ChtBD2_support	217	2	0	0	0	0	0	0	NA	NA	NA	NA	NA
Dme_Cpr72Ec	Cpr72Ec	Dme	Drosophila melanogaster	CPR RR-2	0.0	None	0.0	None	0.0	0.0	no_confident_CPAP_hit	low	no_confident_hit	no_ChtBD2_support	429	1	0	0	0	0	0	0	NA	NA	NA	NA	NA
Dme_Cpr73D_iso1	Cpr73D_iso1	Dme	Drosophila melanogaster	CPR RR-2	0.0	None	0.0	None	0.0	0.0	no_confident_CPAP_hit	low	no_confident_hit	no_ChtBD2_support	597	1	0	0	0	0	0	0	NA	NA	NA	NA	NA
Dme_Cpr73D_iso2	Cpr73D_iso2	Dme	Drosophila melanogaster	CPR RR-2	0.0	None	0.0	None	0.0	0.0	no_confident_CPAP_hit	low	no_confident_hit	no_ChtBD2_support	497	0	0	0	0	0	0	0	NA	NA	NA	NA	NA
Dme_Cpr76Ba	Cpr76Ba	Dme	Drosophila melanogaster	CPR RR-2	0.0	None	0.0	None	0.0	0.0	no_confident_CPAP_hit	low	no_confident_hit	no_ChtBD2_support	204	2	0	0	0	0	0	0	NA	NA	NA	NA	NA
Dme_Cpr76Bb	Cpr76Bb	Dme	Drosophila melanogaster	CPR RR-2	0.0	None	0.0	None	0.0	0.0	no_confident_CPAP_hit	low	no_confident_hit	no_ChtBD2_support	198	0	0	0	0	0	0	0	NA	NA	NA	NA	NA
Dme_Cpr76Bc	Cpr76Bc	Dme	Drosophila melanogaster	CPR RR-2	0.0	None	0.0	None	0.0	0.0	no_confident_CPAP_hit	low	no_confident_hit	no_ChtBD2_support	424	1	0	0	0	0	0	0	NA	NA	NA	NA	NA
Dme_Cpr76Bd_iso1	Cpr76Bd_iso1	Dme	Drosophila melanogaster	CPR RR-2	0.0	None	0.0	None	0.0	0.0	no_confident_CPAP_hit	low	no_confident_hit	no_ChtBD2_support	1228	1	0	0	0	0	0	0	NA	NA	NA	NA	NA
Dme_Cpr76Bd_iso2	Cpr76Bd_iso2	Dme	Drosophila melanogaster	CPR RR-2	0.0	None	0.0	None	0.0	0.0	no_confident_CPAP_hit	low	no_confident_hit	no_ChtBD2_support	1231	1	0	0	0	0	0	0	NA	NA	NA	NA	NA
Dme_Cpr76Bd_iso3	Cpr76Bd_iso3	Dme	Drosophila melanogaster	CPR RR-2	0.0	None	0.0	None	0.0	0.0	no_confident_CPAP_hit	low	no_confident_hit	no_ChtBD2_support	1228	1	0	0	0	0	0	0	NA	NA	NA	NA	NA
Dme_Cpr78Ca	Cpr78Ca	Dme	Drosophila melanogaster	CPR RR-1	0.0	None	0.0	None	0.0	0.0	no_confident_CPAP_hit	low	no_confident_hit	no_ChtBD2_support	127	1	0	0	0	0	0	0	NA	NA	NA	NA	NA
Dme_Cpr78Cb	Cpr78Cb	Dme	Drosophila melanogaster	CPR RR-1	0.0	None	0.0	None	0.0	0.0	no_confident_CPAP_hit	low	no_confident_hit	no_ChtBD2_support	140	0	0	0	0	0	0	0	NA	NA	NA	NA	NA
Dme_Cpr78Cc	Cpr78Cc	Dme	Drosophila melanogaster	CPR RR-1	0.0	None	0.0	None	0.0	0.0	no_confident_CPAP_hit	low	no_confident_hit	no_ChtBD2_support	119	1	0	0	0	0	0	0	NA	NA	NA	NA	NA
Dme_Cpr78E	Cpr78E	Dme	Drosophila melanogaster	CPR RR-1	0.0	None	0.0	None	0.0	0.0	no_confident_CPAP_hit	low	no_confident_hit	no_ChtBD2_support	137	1	0	0	0	0	0	0	NA	NA	NA	NA	NA
Dme_Cpr92F	Cpr92F	Dme	Drosophila melanogaster	CPR RR-3	0.0	None	0.0	None	0.0	0.0	no_confident_CPAP_hit	low	no_confident_hit	no_ChtBD2_support	381	0	0	0	0	0	0	0	NA	NA	NA	NA	NA
Dme_Cpr97Ea_iso1	Cpr97Ea_iso1	Dme	Drosophila melanogaster	CPR RR-1	0.0	None	0.0	None	0.0	0.0	no_confident_CPAP_hit	low	no_confident_hit	no_ChtBD2_support	366	1	0	0	0	0	0	0	NA	NA	NA	NA	NA
Dme_Cpr97Ea_iso2	Cpr97Ea_iso2	Dme	Drosophila melanogaster	CPR RR-1	0.0	None	0.0	None	0.0	0.0	no_confident_CPAP_hit	low	no_confident_hit	no_ChtBD2_support	363	1	0	0	0	0	0	0	NA	NA	NA	NA	NA
Dme_Cpr97Eb	Cpr97Eb	Dme	Drosophila melanogaster	CPR	0.0	None	0.0	None	0.0	0.0	no_confident_CPAP_hit	low	no_confident_hit	no_ChtBD2_support	235	0	0	0	0	0	0	0	NA	NA	NA	NA	NA
Dme_Dsc73	Dsc73	Dme	Drosophila melanogaster	NULL	0.0	None	0.0	None	0.0	0.0	no_confident_CPAP_hit	low	no_confident_hit	no_ChtBD2_support	852	12	0	0	0	0	0	0	19	18	13,1,7,28,8	520	582
Dme_EDG78E	EDG78E	Dme	Drosophila melanogaster	CPR RR-1	0.0	None	0.0	None	0.0	0.0	no_confident_CPAP_hit	low	no_confident_hit	no_ChtBD2_support	122	3	0	0	0	0	0	0	NA	NA	NA	NA	NA
Dme_EDG84A	EDG84A	Dme	Drosophila melanogaster	CPR RR-2	0.0	None	0.0	None	0.0	0.0	no_confident_CPAP_hit	low	no_confident_hit	no_ChtBD2_support	188	0	0	0	0	0	0	0	NA	NA	NA	NA	NA
Dme_EDG91	EDG91	Dme	Drosophila melanogaster	CPG	0.0	None	0.0	None	0.0	0.0	no_confident_CPAP_hit	low	no_confident_hit	no_ChtBD2_support	159	1	0	0	0	0	0	0	NA	NA	NA	NA	NA
Dme_LCP1	LCP1	Dme	Drosophila melanogaster	CPR RR-1	0.0	None	0.0	None	0.0	0.0	no_confident_CPAP_hit	low	no_confident_hit	no_ChtBD2_support	130	1	0	0	0	0	0	0	NA	NA	NA	NA	NA
Dme_LCP2	LCP2	Dme	Drosophila melanogaster	CPR RR-1	0.0	None	0.0	None	0.0	0.0	no_confident_CPAP_hit	low	no_confident_hit	no_ChtBD2_support	126	0	0	0	0	0	0	0	NA	NA	NA	NA	NA
Dme_LCP3	LCP3	Dme	Drosophila melanogaster	CPR RR-1	0.0	None	0.0	None	0.0	0.0	no_confident_CPAP_hit	low	no_confident_hit	no_ChtBD2_support	112	1	0	0	0	0	0	0	NA	NA	NA	NA	NA
Dme_LCP4	LCP4	Dme	Drosophila melanogaster	CPR RR-1	0.0	None	0.0	None	0.0	0.0	no_confident_CPAP_hit	low	no_confident_hit	no_ChtBD2_support	112	1	0	0	0	0	0	0	NA	NA	NA	NA	NA
Dme_Lac2	Lac2	Dme	Drosophila melanogaster	Muticopper oxidase / Phenol oxidase	0.0	None	0.0	None	0.0	0.0	no_confident_CPAP_hit	low	no_confident_hit	no_ChtBD2_support	784	19	0	0	0	0	0	0	25	25	3,8,15,2,11	180	224
Dme_Lcp65Aa	Lcp65Aa	Dme	Drosophila melanogaster	CPR RR-1	0.0	None	0.0	None	0.0	0.0	no_confident_CPAP_hit	low	no_confident_hit	no_ChtBD2_support	102	2	0	0	0	0	0	0	NA	NA	NA	NA	NA
Dme_Lcp65Ab1	Lcp65Ab1	Dme	Drosophila melanogaster	CPR RR-1	0.0	None	0.0	None	0.0	0.0	no_confident_CPAP_hit	low	no_confident_hit	no_ChtBD2_support	104	0	0	0	0	0	0	0	NA	NA	NA	NA	NA
Dme_Lcp65Ab2	Lcp65Ab2	Dme	Drosophila melanogaster	CPR RR-1	0.0	None	0.0	None	0.0	0.0	no_confident_CPAP_hit	low	no_confident_hit	no_ChtBD2_support	104	0	0	0	0	0	0	0	NA	NA	NA	NA	NA
Dme_Lcp65Ac	Lcp65Ac	Dme	Drosophila melanogaster	CPR RR-1	0.0	None	0.0	None	0.0	0.0	no_confident_CPAP_hit	low	no_confident_hit	no_ChtBD2_support	109	1	0	0	0	0	0	0	NA	NA	NA	NA	NA
Dme_Lcp65Ad	Lcp65Ad	Dme	Drosophila melanogaster	CPR RR-1	0.0	None	0.0	None	0.0	0.0	no_confident_CPAP_hit	low	no_confident_hit	no_ChtBD2_support	108	2	0	0	0	0	0	0	NA	NA	NA	NA	NA
Dme_Lcp65Ae	Lcp65Ae	Dme	Drosophila melanogaster	CPR RR-1	0.0	None	0.0	None	0.0	0.0	no_confident_CPAP_hit	low	no_confident_hit	no_ChtBD2_support	99	0	0	0	0	0	0	0	NA	NA	NA	NA	NA
Dme_Lcp65Af	Lcp65Af	Dme	Drosophila melanogaster	NULL	0.0	None	0.0	None	0.0	0.0	no_confident_CPAP_hit	low	no_confident_hit	no_ChtBD2_support	100	0	0	0	0	0	0	0	NA	NA	NA	NA	NA
Dme_Lcp65Ag1	Lcp65Ag1	Dme	Drosophila melanogaster	CPR RR-1	0.0	None	0.0	None	0.0	0.0	no_confident_CPAP_hit	low	no_confident_hit	no_ChtBD2_support	105	0	0	0	0	0	0	0	NA	NA	NA	NA	NA
Dme_Lcp65Ag2	Lcp65Ag2	Dme	Drosophila melanogaster	CPR RR-1	0.0	None	0.0	None	0.0	0.0	no_confident_CPAP_hit	low	no_confident_hit	no_ChtBD2_support	105	0	0	0	0	0	0	0	NA	NA	NA	NA	NA
Dme_Lcp65Ag3	Lcp65Ag3	Dme	Drosophila melanogaster	CPR RR-1	0.0	None	0.0	None	0.0	0.0	no_confident_CPAP_hit	low	no_confident_hit	no_ChtBD2_support	105	0	0	0	0	0	0	0	NA	NA	NA	NA	NA
Dme_Lcp9	Lcp9	Dme	Drosophila melanogaster	CPR RR-1	0.0	None	0.0	None	0.0	0.0	no_confident_CPAP_hit	low	no_confident_hit	no_ChtBD2_support	92	1	0	0	0	0	0	0	NA	NA	NA	NA	NA
Dme_Pcp	Pcp	Dme	Drosophila melanogaster	CPR RR-1	0.0	None	0.0	None	0.0	0.0	no_confident_CPAP_hit	low	no_confident_hit	no_ChtBD2_support	184	0	0	0	0	0	0	0	NA	NA	NA	NA	NA
Dme_Retinin	Retinin	Dme	Drosophila melanogaster	CPLCA	0.0	None	0.0	None	0.0	0.0	no_confident_CPAP_hit	low	no_confident_hit	no_ChtBD2_support	191	0	0	0	0	0	0	0	NA	NA	NA	NA	NA
Dme_Schlaff	Schlaff	Dme	Drosophila melanogaster	NULL	0.0	None	0.0	None	0.0	0.0	no_confident_CPAP_hit	low	no_confident_hit	no_ChtBD2_support	231	10	0	0	0	0	0	0	69	57	25,36,3,33,4	16	122
Dme_Serp	Serp	Dme	Drosophila melanogaster	Chitin deacetylase - group I	13.6	0.004	31.6	1.4e-08	-18.0	31.6	no_confident_CPAP_hit	low	no_confident_hit	ChtBD2_like_but_no_confident_CPAP_HMM	541	26	0	1	1	0	1	1	6	0	18,5,9,12,8	48	105
Dme_Snsl	Snsl	Dme	Drosophila melanogaster	NULL	0.0	None	0.0	None	0.0	0.0	no_confident_CPAP_hit	low	no_confident_hit	no_ChtBD2_support	255	0	0	0	0	0	0	0	NA	NA	NA	NA	NA
Dme_Snu	Snu	Dme	Drosophila melanogaster	ABC transporter	0.0	None	0.0	None	0.0	0.0	no_confident_CPAP_hit	low	no_confident_hit	no_ChtBD2_support	255	0	0	0	0	0	0	0	NA	NA	NA	NA	NA
Dme_TG	TG	Dme	Drosophila melanogaster	Enzyme	0.0	None	0.0	None	0.0	0.0	no_confident_CPAP_hit	low	no_confident_hit	no_ChtBD2_support	776	11	0	0	0	0	0	0	143	143	0,2,5,44,105	7	168
Dme_TwdlD	TwdlD	Dme	Drosophila melanogaster	Tweedle	0.0	None	0.0	None	0.0	0.0	no_confident_CPAP_hit	low	no_confident_hit	no_ChtBD2_support	256	2	0	0	0	0	0	0	NA	NA	NA	NA	NA
Dme_TweedleC	TweedleC	Dme	Drosophila melanogaster	Tweedle	0.0	None	0.0	None	0.0	0.0	no_confident_CPAP_hit	low	no_confident_hit	no_ChtBD2_support	360	1	0	0	0	0	0	0	NA	NA	NA	NA	NA
Dme_TweedleE	TweedleE	Dme	Drosophila melanogaster	Tweedle	0.0	None	0.0	None	0.0	0.0	no_confident_CPAP_hit	low	no_confident_hit	no_ChtBD2_support	197	1	0	0	0	0	0	0	NA	NA	NA	NA	NA
Dme_TweedleF	TweedleF	Dme	Drosophila melanogaster	Tweedle	0.0	None	0.0	None	0.0	0.0	no_confident_CPAP_hit	low	no_confident_hit	no_ChtBD2_support	338	0	0	0	0	0	0	0	NA	NA	NA	NA	NA
Dme_TweedleG	TweedleG	Dme	Drosophila melanogaster	Tweedle	0.0	None	0.0	None	0.0	0.0	no_confident_CPAP_hit	low	no_confident_hit	no_ChtBD2_support	278	1	0	0	0	0	0	0	NA	NA	NA	NA	NA
Dme_TweedleH	TweedleH	Dme	Drosophila melanogaster	Tweedle	0.0	None	0.0	None	0.0	0.0	no_confident_CPAP_hit	low	no_confident_hit	no_ChtBD2_support	241	1	0	0	0	0	0	0	NA	NA	NA	NA	NA
Dme_TweedleJ	TweedleJ	Dme	Drosophila melanogaster	Tweedle	0.0	None	0.0	None	0.0	0.0	no_confident_CPAP_hit	low	no_confident_hit	no_ChtBD2_support	307	2	0	0	0	0	0	0	NA	NA	NA	NA	NA
Dme_TweedleK	TweedleK	Dme	Drosophila melanogaster	Tweedle	0.0	None	0.0	None	0.0	0.0	no_confident_CPAP_hit	low	no_confident_hit	no_ChtBD2_support	247	1	0	0	0	0	0	0	NA	NA	NA	NA	NA
Dme_TweedleL	TweedleL	Dme	Drosophila melanogaster	Tweedle	0.0	None	0.0	None	0.0	0.0	no_confident_CPAP_hit	low	no_confident_hit	no_ChtBD2_support	285	2	0	0	0	0	0	0	NA	NA	NA	NA	NA
Dme_TweedleM	TweedleM	Dme	Drosophila melanogaster	Tweedle	0.0	None	0.0	None	0.0	0.0	no_confident_CPAP_hit	low	no_confident_hit	no_ChtBD2_support	288	2	0	0	0	0	0	0	NA	NA	NA	NA	NA
Dme_TweedleN	TweedleN	Dme	Drosophila melanogaster	Tweedle	0.0	None	0.0	None	0.0	0.0	no_confident_CPAP_hit	low	no_confident_hit	no_ChtBD2_support	309	1	0	0	0	0	0	0	NA	NA	NA	NA	NA
Dme_TweedleO	TweedleO	Dme	Drosophila melanogaster	Tweedle	0.0	None	0.0	None	0.0	0.0	no_confident_CPAP_hit	low	no_confident_hit	no_ChtBD2_support	229	2	0	0	0	0	0	0	NA	NA	NA	NA	NA
Dme_TweedleP	TweedleP	Dme	Drosophila melanogaster	Tweedle	0.0	None	0.0	None	0.0	0.0	no_confident_CPAP_hit	low	no_confident_hit	no_ChtBD2_support	237	2	0	0	0	0	0	0	NA	NA	NA	NA	NA
Dme_TweedleQ	TweedleQ	Dme	Drosophila melanogaster	Tweedle	0.0	None	0.0	None	0.0	0.0	no_confident_CPAP_hit	low	no_confident_hit	no_ChtBD2_support	245	0	0	0	0	0	0	0	NA	NA	NA	NA	NA
Dme_TweedleR	TweedleR	Dme	Drosophila melanogaster	Tweedle	0.0	None	0.0	None	0.0	0.0	no_confident_CPAP_hit	low	no_confident_hit	no_ChtBD2_support	325	0	0	0	0	0	0	0	NA	NA	NA	NA	NA
Dme_TweedleS	TweedleS	Dme	Drosophila melanogaster	Tweedle	0.0	None	0.0	None	0.0	0.0	no_confident_CPAP_hit	low	no_confident_hit	no_ChtBD2_support	228	1	0	0	0	0	0	0	NA	NA	NA	NA	NA
Dme_TweedleT	TweedleT	Dme	Drosophila melanogaster	Tweedle	0.0	None	0.0	None	0.0	0.0	no_confident_CPAP_hit	low	no_confident_hit	no_ChtBD2_support	286	1	0	0	0	0	0	0	NA	NA	NA	NA	NA
Dme_TweedleV	TweedleV	Dme	Drosophila melanogaster	Tweedle	0.0	None	0.0	None	0.0	0.0	no_confident_CPAP_hit	low	no_confident_hit	no_ChtBD2_support	251	2	0	0	0	0	0	0	NA	NA	NA	NA	NA
Dme_TweedleW	TweedleW	Dme	Drosophila melanogaster	Tweedle	0.0	None	0.0	None	0.0	0.0	no_confident_CPAP_hit	low	no_confident_hit	no_ChtBD2_support	308	1	0	0	0	0	0	0	NA	NA	NA	NA	NA
Dme_TweedleX	TweedleX	Dme	Drosophila melanogaster	Tweedle	0.0	None	0.0	None	0.0	0.0	no_confident_CPAP_hit	low	no_confident_hit	no_ChtBD2_support	346	0	0	0	0	0	0	0	NA	NA	NA	NA	NA
Dme_TweedleY	TweedleY	Dme	Drosophila melanogaster	Tweedle	0.0	None	0.0	None	0.0	0.0	no_confident_CPAP_hit	low	no_confident_hit	no_ChtBD2_support	228	0	0	0	0	0	0	0	NA	NA	NA	NA	NA
Dme_TweedleZ	TweedleZ	Dme	Drosophila melanogaster	Tweedle	0.0	None	0.0	None	0.0	0.0	no_confident_CPAP_hit	low	no_confident_hit	no_ChtBD2_support	223	0	0	0	0	0	0	0	NA	NA	NA	NA	NA
Dme_Tweedlealpha	Tweedlealpha	Dme	Drosophila melanogaster	Tweedle	0.0	None	0.0	None	0.0	0.0	no_confident_CPAP_hit	low	no_confident_hit	no_ChtBD2_support	424	2	0	0	0	0	0	0	NA	NA	NA	NA	NA
Dme_Tweedlebeta	Tweedlebeta	Dme	Drosophila melanogaster	Tweedle	0.0	None	0.0	None	0.0	0.0	no_confident_CPAP_hit	low	no_confident_hit	no_ChtBD2_support	198	2	0	0	0	0	0	0	NA	NA	NA	NA	NA
Dme_Vajk1	Vajk1	Dme	Drosophila melanogaster	NULL	0.0	None	0.0	None	0.0	0.0	no_confident_CPAP_hit	low	no_confident_hit	no_ChtBD2_support	373	0	0	0	0	0	0	0	NA	NA	NA	NA	NA
Dme_Vajk4	Vajk4	Dme	Drosophila melanogaster	NULL	0.0	None	0.0	None	0.0	0.0	no_confident_CPAP_hit	low	no_confident_hit	no_ChtBD2_support	328	3	0	0	0	0	0	0	NA	NA	NA	NA	NA
Dme_Verm	Verm	Dme	Drosophila melanogaster	Chitin deacetylase - group I	0.0	None	0.0	None	0.0	0.0	no_confident_CPAP_hit	low	no_confident_hit	ChtBD2_like_but_no_confident_CPAP_HMM	555	28	0	0	1	0	0	1	5	1	16,5,15,12,8	57	118
Dme_Y	Y	Dme	Drosophila melanogaster	Yellow	0.0	None	0.0	None	0.0	0.0	no_confident_CPAP_hit	low	no_confident_hit	no_ChtBD2_support	541	6	0	0	0	0	0	0	231	229	14,20,41,138,73	114	405
Dme_l(3)mbn	l(3)mbn	Dme	Drosophila melanogaster	CPR	0.0	None	0.0	None	0.0	0.0	no_confident_CPAP_hit	low	no_confident_hit	no_ChtBD2_support	653	4	0	0	0	0	0	0	NA	NA	NA	NA	NA
Dme_resilin_iso1	resilin_iso1	Dme	Drosophila melanogaster	CPR RR-2	0.0	None	0.0	None	0.0	0.0	no_confident_CPAP_hit	low	no_confident_hit	no_ChtBD2_support	620	0	0	0	0	0	0	0	NA	NA	NA	NA	NA
Dme_resilin_iso2	resilin_iso2	Dme	Drosophila melanogaster	CPR RR-2	0.0	None	0.0	None	0.0	0.0	no_confident_CPAP_hit	low	no_confident_hit	no_ChtBD2_support	575	0	0	0	0	0	0	0	NA	NA	NA	NA	NA
Dmo_CPF1	CPF1	Dmo	Drosophila mojavensis	CPF	0.0	None	0.0	None	0.0	0.0	no_confident_CPAP_hit	low	no_confident_hit	no_ChtBD2_support	141	0	0	0	0	0	0	0	NA	NA	NA	NA	NA
Dmo_CPF2	CPF2	Dmo	Drosophila mojavensis	CPF	0.0	None	0.0	None	0.0	0.0	no_confident_CPAP_hit	low	no_confident_hit	no_ChtBD2_support	236	0	0	0	0	0	0	0	NA	NA	NA	NA	NA
Dmo_CPF3	CPF3	Dmo	Drosophila mojavensis	CPF	0.0	None	0.0	None	0.0	0.0	no_confident_CPAP_hit	low	no_confident_hit	no_ChtBD2_support	179	0	0	0	0	0	0	0	NA	NA	NA	NA	NA
Dmo_CPLCG1	CPLCG1	Dmo	Drosophila mojavensis	CPLCG	0.0	None	0.0	None	0.0	0.0	no_confident_CPAP_hit	low	no_confident_hit	no_ChtBD2_support	123	1	0	0	0	0	0	0	NA	NA	NA	NA	NA
Dmo_CPLCG2	CPLCG2	Dmo	Drosophila mojavensis	CPLCG	0.0	None	0.0	None	0.0	0.0	no_confident_CPAP_hit	low	no_confident_hit	no_ChtBD2_support	141	1	0	0	0	0	0	0	NA	NA	NA	NA	NA
Dmo_CPLCG3	CPLCG3	Dmo	Drosophila mojavensis	CPLCG	0.0	None	0.0	None	0.0	0.0	no_confident_CPAP_hit	low	no_confident_hit	no_ChtBD2_support	142	0	0	0	0	0	0	0	NA	NA	NA	NA	NA
Dmo_CPR_Uncharacterized_100	CPR_Uncharacterized_100	Dmo	Drosophila mojavensis	CPR	0.0	None	0.0	None	0.0	0.0	no_confident_CPAP_hit	low	no_confident_hit	no_ChtBD2_support	141	2	0	0	0	0	0	0	NA	NA	NA	NA	NA
Dmo_CPR_Uncharacterized_101	CPR_Uncharacterized_101	Dmo	Drosophila mojavensis	CPR	0.0	None	0.0	None	0.0	0.0	no_confident_CPAP_hit	low	no_confident_hit	no_ChtBD2_support	159	0	0	0	0	0	0	0	NA	NA	NA	NA	NA
Dmo_CPR_Uncharacterized_103	CPR_Uncharacterized_103	Dmo	Drosophila mojavensis	CPR	0.0	None	0.0	None	0.0	0.0	no_confident_CPAP_hit	low	no_confident_hit	no_ChtBD2_support	126	0	0	0	0	0	0	0	NA	NA	NA	NA	NA
Dmo_CPR_Uncharacterized_104	CPR_Uncharacterized_104	Dmo	Drosophila mojavensis	CPR	0.0	None	0.0	None	0.0	0.0	no_confident_CPAP_hit	low	no_confident_hit	no_ChtBD2_support	119	1	0	0	0	0	0	0	NA	NA	NA	NA	NA
Dmo_CPR_Uncharacterized_105	CPR_Uncharacterized_105	Dmo	Drosophila mojavensis	CPR	0.0	None	0.0	None	0.0	0.0	no_confident_CPAP_hit	low	no_confident_hit	no_ChtBD2_support	123	2	0	0	0	0	0	0	NA	NA	NA	NA	NA
Dmo_CPR_Uncharacterized_106	CPR_Uncharacterized_106	Dmo	Drosophila mojavensis	CPR	0.0	None	0.0	None	0.0	0.0	no_confident_CPAP_hit	low	no_confident_hit	no_ChtBD2_support	118	1	0	0	0	0	0	0	NA	NA	NA	NA	NA
Dmo_CPR_Uncharacterized_107	CPR_Uncharacterized_107	Dmo	Drosophila mojavensis	CPR	0.0	None	0.0	None	0.0	0.0	no_confident_CPAP_hit	low	no_confident_hit	no_ChtBD2_support	93	1	0	0	0	0	0	0	NA	NA	NA	NA	NA
Dmo_CPR_Uncharacterized_108	CPR_Uncharacterized_108	Dmo	Drosophila mojavensis	CPR	0.0	None	0.0	None	0.0	0.0	no_confident_CPAP_hit	low	no_confident_hit	no_ChtBD2_support	261	2	0	0	0	0	0	0	NA	NA	NA	NA	NA
Dmo_CPR_Uncharacterized_109	CPR_Uncharacterized_109	Dmo	Drosophila mojavensis	CPR	0.0	None	0.0	None	0.0	0.0	no_confident_CPAP_hit	low	no_confident_hit	no_ChtBD2_support	221	0	0	0	0	0	0	0	NA	NA	NA	NA	NA
Dmo_CPR_Uncharacterized_11	CPR_Uncharacterized_11	Dmo	Drosophila mojavensis	CPR	0.0	None	0.0	None	0.0	0.0	no_confident_CPAP_hit	low	no_confident_hit	no_ChtBD2_support	112	0	0	0	0	0	0	0	NA	NA	NA	NA	NA
Dmo_CPR_Uncharacterized_110	CPR_Uncharacterized_110	Dmo	Drosophila mojavensis	CPR	0.0	None	0.0	None	0.0	0.0	no_confident_CPAP_hit	low	no_confident_hit	no_ChtBD2_support	119	2	0	0	0	0	0	0	NA	NA	NA	NA	NA
Dmo_CPR_Uncharacterized_111	CPR_Uncharacterized_111	Dmo	Drosophila mojavensis	CPR	0.0	None	0.0	None	0.0	0.0	no_confident_CPAP_hit	low	no_confident_hit	no_ChtBD2_support	120	3	0	0	0	0	0	0	NA	NA	NA	NA	NA
Dmo_CPR_Uncharacterized_112	CPR_Uncharacterized_112	Dmo	Drosophila mojavensis	CPR	0.0	None	0.0	None	0.0	0.0	no_confident_CPAP_hit	low	no_confident_hit	no_ChtBD2_support	185	0	0	0	0	0	0	0	NA	NA	NA	NA	NA
Dmo_CPR_Uncharacterized_114	CPR_Uncharacterized_114	Dmo	Drosophila mojavensis	CPR	0.0	None	0.0	None	0.0	0.0	no_confident_CPAP_hit	low	no_confident_hit	no_ChtBD2_support	271	0	0	0	0	0	0	0	NA	NA	NA	NA	NA
Dmo_CPR_Uncharacterized_115	CPR_Uncharacterized_115	Dmo	Drosophila mojavensis	CPR	0.0	None	0.0	None	0.0	0.0	no_confident_CPAP_hit	low	no_confident_hit	no_ChtBD2_support	200	0	0	0	0	0	0	0	NA	NA	NA	NA	NA
Dmo_CPR_Uncharacterized_116	CPR_Uncharacterized_116	Dmo	Drosophila mojavensis	CPR	0.0	None	0.0	None	0.0	0.0	no_confident_CPAP_hit	low	no_confident_hit	no_ChtBD2_support	185	2	0	0	0	0	0	0	NA	NA	NA	NA	NA
Dmo_CPR_Uncharacterized_118	CPR_Uncharacterized_118	Dmo	Drosophila mojavensis	CPR	0.0	None	0.0	None	0.0	0.0	no_confident_CPAP_hit	low	no_confident_hit	no_ChtBD2_support	138	1	0	0	0	0	0	0	NA	NA	NA	NA	NA
Dmo_CPR_Uncharacterized_119	CPR_Uncharacterized_119	Dmo	Drosophila mojavensis	CPR	0.0	None	0.0	None	0.0	0.0	no_confident_CPAP_hit	low	no_confident_hit	no_ChtBD2_support	176	1	0	0	0	0	0	0	NA	NA	NA	NA	NA
Dmo_CPR_Uncharacterized_12	CPR_Uncharacterized_12	Dmo	Drosophila mojavensis	CPR	0.0	None	0.0	None	0.0	0.0	no_confident_CPAP_hit	low	no_confident_hit	no_ChtBD2_support	77	0	0	0	0	0	0	0	NA	NA	NA	NA	NA
Dmo_CPR_Uncharacterized_120	CPR_Uncharacterized_120	Dmo	Drosophila mojavensis	CPR	0.0	None	0.0	None	0.0	0.0	no_confident_CPAP_hit	low	no_confident_hit	no_ChtBD2_support	153	1	0	0	0	0	0	0	NA	NA	NA	NA	NA
Dmo_CPR_Uncharacterized_13	CPR_Uncharacterized_13	Dmo	Drosophila mojavensis	CPR	0.0	None	0.0	None	0.0	0.0	no_confident_CPAP_hit	low	no_confident_hit	no_ChtBD2_support	320	1	0	0	0	0	0	0	NA	NA	NA	NA	NA
Dmo_CPR_Uncharacterized_14	CPR_Uncharacterized_14	Dmo	Drosophila mojavensis	CPR	0.0	None	0.0	None	0.0	0.0	no_confident_CPAP_hit	low	no_confident_hit	no_ChtBD2_support	130	0	0	0	0	0	0	0	NA	NA	NA	NA	NA
Dmo_CPR_Uncharacterized_15	CPR_Uncharacterized_15	Dmo	Drosophila mojavensis	CPR	0.0	None	0.0	None	0.0	0.0	no_confident_CPAP_hit	low	no_confident_hit	no_ChtBD2_support	102	0	0	0	0	0	0	0	NA	NA	NA	NA	NA
Dmo_CPR_Uncharacterized_16	CPR_Uncharacterized_16	Dmo	Drosophila mojavensis	CPR	0.0	None	0.0	None	0.0	0.0	no_confident_CPAP_hit	low	no_confident_hit	no_ChtBD2_support	347	2	0	0	0	0	0	0	NA	NA	NA	NA	NA
Dmo_CPR_Uncharacterized_17	CPR_Uncharacterized_17	Dmo	Drosophila mojavensis	CPR	0.0	None	0.0	None	0.0	0.0	no_confident_CPAP_hit	low	no_confident_hit	no_ChtBD2_support	349	0	0	0	0	0	0	0	NA	NA	NA	NA	NA
Dmo_CPR_Uncharacterized_18	CPR_Uncharacterized_18	Dmo	Drosophila mojavensis	CPR	0.0	None	0.0	None	0.0	0.0	no_confident_CPAP_hit	low	no_confident_hit	no_ChtBD2_support	120	2	0	0	0	0	0	0	NA	NA	NA	NA	NA
Dmo_CPR_Uncharacterized_19	CPR_Uncharacterized_19	Dmo	Drosophila mojavensis	CPR	0.0	None	0.0	None	0.0	0.0	no_confident_CPAP_hit	low	no_confident_hit	no_ChtBD2_support	120	0	0	0	0	0	0	0	NA	NA	NA	NA	NA
Dmo_CPR_Uncharacterized_20	CPR_Uncharacterized_20	Dmo	Drosophila mojavensis	CPR	0.0	None	0.0	None	0.0	0.0	no_confident_CPAP_hit	low	no_confident_hit	no_ChtBD2_support	97	1	0	0	0	0	0	0	NA	NA	NA	NA	NA
Dmo_CPR_Uncharacterized_21	CPR_Uncharacterized_21	Dmo	Drosophila mojavensis	CPR	0.0	None	0.0	None	0.0	0.0	no_confident_CPAP_hit	low	no_confident_hit	no_ChtBD2_support	192	1	0	0	0	0	0	0	NA	NA	NA	NA	NA
Dmo_CPR_Uncharacterized_22	CPR_Uncharacterized_22	Dmo	Drosophila mojavensis	CPR	0.0	None	0.0	None	0.0	0.0	no_confident_CPAP_hit	low	no_confident_hit	no_ChtBD2_support	133	1	0	0	0	0	0	0	NA	NA	NA	NA	NA
Dmo_CPR_Uncharacterized_23	CPR_Uncharacterized_23	Dmo	Drosophila mojavensis	CPR	0.0	None	0.0	None	0.0	0.0	no_confident_CPAP_hit	low	no_confident_hit	no_ChtBD2_support	126	2	0	0	0	0	0	0	NA	NA	NA	NA	NA
Dmo_CPR_Uncharacterized_24	CPR_Uncharacterized_24	Dmo	Drosophila mojavensis	CPR	0.0	None	0.0	None	0.0	0.0	no_confident_CPAP_hit	low	no_confident_hit	no_ChtBD2_support	89	0	0	0	0	0	0	0	NA	NA	NA	NA	NA
Dmo_CPR_Uncharacterized_25	CPR_Uncharacterized_25	Dmo	Drosophila mojavensis	CPR	0.0	None	0.0	None	0.0	0.0	no_confident_CPAP_hit	low	no_confident_hit	no_ChtBD2_support	180	4	0	0	0	0	0	0	NA	NA	NA	NA	NA
Dmo_CPR_Uncharacterized_26	CPR_Uncharacterized_26	Dmo	Drosophila mojavensis	CPR	0.0	None	0.0	None	0.0	0.0	no_confident_CPAP_hit	low	no_confident_hit	no_ChtBD2_support	202	0	0	0	0	0	0	0	NA	NA	NA	NA	NA
Dmo_CPR_Uncharacterized_28	CPR_Uncharacterized_28	Dmo	Drosophila mojavensis	CPR	0.0	None	0.0	None	0.0	0.0	no_confident_CPAP_hit	low	no_confident_hit	no_ChtBD2_support	242	0	0	0	0	0	0	0	NA	NA	NA	NA	NA
Dmo_CPR_Uncharacterized_30	CPR_Uncharacterized_30	Dmo	Drosophila mojavensis	CPR	0.0	None	0.0	None	0.0	0.0	no_confident_CPAP_hit	low	no_confident_hit	no_ChtBD2_support	174	6	0	0	0	0	0	0	19	19	0,2,9,9,10	12	47
Dmo_CPR_Uncharacterized_31	CPR_Uncharacterized_31	Dmo	Drosophila mojavensis	CPR	0.0	None	0.0	None	0.0	0.0	no_confident_CPAP_hit	low	no_confident_hit	no_ChtBD2_support	206	1	0	0	0	0	0	0	NA	NA	NA	NA	NA
Dmo_CPR_Uncharacterized_32	CPR_Uncharacterized_32	Dmo	Drosophila mojavensis	CPR	0.0	None	0.0	None	0.0	0.0	no_confident_CPAP_hit	low	no_confident_hit	no_ChtBD2_support	118	0	0	0	0	0	0	0	NA	NA	NA	NA	NA
Dmo_CPR_Uncharacterized_33	CPR_Uncharacterized_33	Dmo	Drosophila mojavensis	CPR	0.0	None	0.0	None	0.0	0.0	no_confident_CPAP_hit	low	no_confident_hit	no_ChtBD2_support	150	1	0	0	0	0	0	0	NA	NA	NA	NA	NA
Dmo_CPR_Uncharacterized_34	CPR_Uncharacterized_34	Dmo	Drosophila mojavensis	CPR	0.0	None	0.0	None	0.0	0.0	no_confident_CPAP_hit	low	no_confident_hit	no_ChtBD2_support	144	1	0	0	0	0	0	0	NA	NA	NA	NA	NA
Dmo_CPR_Uncharacterized_35	CPR_Uncharacterized_35	Dmo	Drosophila mojavensis	CPR	0.0	None	0.0	None	0.0	0.0	no_confident_CPAP_hit	low	no_confident_hit	no_ChtBD2_support	122	1	0	0	0	0	0	0	NA	NA	NA	NA	NA
Dmo_CPR_Uncharacterized_36	CPR_Uncharacterized_36	Dmo	Drosophila mojavensis	CPR	0.0	None	0.0	None	0.0	0.0	no_confident_CPAP_hit	low	no_confident_hit	no_ChtBD2_support	119	1	0	0	0	0	0	0	NA	NA	NA	NA	NA
Dmo_CPR_Uncharacterized_37	CPR_Uncharacterized_37	Dmo	Drosophila mojavensis	CPR	0.0	None	0.0	None	0.0	0.0	no_confident_CPAP_hit	low	no_confident_hit	no_ChtBD2_support	121	1	0	0	0	0	0	0	NA	NA	NA	NA	NA
Dmo_CPR_Uncharacterized_38	CPR_Uncharacterized_38	Dmo	Drosophila mojavensis	CPR	0.0	None	0.0	None	0.0	0.0	no_confident_CPAP_hit	low	no_confident_hit	no_ChtBD2_support	123	1	0	0	0	0	0	0	NA	NA	NA	NA	NA
Dmo_CPR_Uncharacterized_39	CPR_Uncharacterized_39	Dmo	Drosophila mojavensis	CPR	0.0	None	0.0	None	0.0	0.0	no_confident_CPAP_hit	low	no_confident_hit	no_ChtBD2_support	119	1	0	0	0	0	0	0	NA	NA	NA	NA	NA
Dmo_CPR_Uncharacterized_40	CPR_Uncharacterized_40	Dmo	Drosophila mojavensis	CPR	0.0	None	0.0	None	0.0	0.0	no_confident_CPAP_hit	low	no_confident_hit	no_ChtBD2_support	121	1	0	0	0	0	0	0	NA	NA	NA	NA	NA
Dmo_CPR_Uncharacterized_41	CPR_Uncharacterized_41	Dmo	Drosophila mojavensis	CPR	0.0	None	0.0	None	0.0	0.0	no_confident_CPAP_hit	low	no_confident_hit	no_ChtBD2_support	117	0	0	0	0	0	0	0	NA	NA	NA	NA	NA
Dmo_CPR_Uncharacterized_42	CPR_Uncharacterized_42	Dmo	Drosophila mojavensis	CPR	0.0	None	0.0	None	0.0	0.0	no_confident_CPAP_hit	low	no_confident_hit	no_ChtBD2_support	189	1	0	0	0	0	0	0	NA	NA	NA	NA	NA
Dmo_CPR_Uncharacterized_43	CPR_Uncharacterized_43	Dmo	Drosophila mojavensis	CPR	0.0	None	0.0	None	0.0	0.0	no_confident_CPAP_hit	low	no_confident_hit	no_ChtBD2_support	124	0	0	0	0	0	0	0	NA	NA	NA	NA	NA
Dmo_CPR_Uncharacterized_44	CPR_Uncharacterized_44	Dmo	Drosophila mojavensis	CPR	0.0	None	0.0	None	0.0	0.0	no_confident_CPAP_hit	low	no_confident_hit	no_ChtBD2_support	518	0	0	0	0	0	0	0	NA	NA	NA	NA	NA
Dmo_CPR_Uncharacterized_46	CPR_Uncharacterized_46	Dmo	Drosophila mojavensis	CPR	0.0	None	0.0	None	0.0	0.0	no_confident_CPAP_hit	low	no_confident_hit	no_ChtBD2_support	272	0	0	0	0	0	0	0	NA	NA	NA	NA	NA
Dmo_CPR_Uncharacterized_47	CPR_Uncharacterized_47	Dmo	Drosophila mojavensis	CPR	0.0	None	0.0	None	0.0	0.0	no_confident_CPAP_hit	low	no_confident_hit	no_ChtBD2_support	253	0	0	0	0	0	0	0	NA	NA	NA	NA	NA
Dmo_CPR_Uncharacterized_48	CPR_Uncharacterized_48	Dmo	Drosophila mojavensis	CPR	0.0	None	0.0	None	0.0	0.0	no_confident_CPAP_hit	low	no_confident_hit	no_ChtBD2_support	164	1	0	0	0	0	0	0	NA	NA	NA	NA	NA
Dmo_CPR_Uncharacterized_49	CPR_Uncharacterized_49	Dmo	Drosophila mojavensis	CPR	0.0	None	0.0	None	0.0	0.0	no_confident_CPAP_hit	low	no_confident_hit	no_ChtBD2_support	340	1	0	0	0	0	0	0	NA	NA	NA	NA	NA
Dmo_CPR_Uncharacterized_50	CPR_Uncharacterized_50	Dmo	Drosophila mojavensis	CPR	0.0	None	0.0	None	0.0	0.0	no_confident_CPAP_hit	low	no_confident_hit	no_ChtBD2_support	242	0	0	0	0	0	0	0	NA	NA	NA	NA	NA
Dmo_CPR_Uncharacterized_51	CPR_Uncharacterized_51	Dmo	Drosophila mojavensis	CPR	0.0	None	0.0	None	0.0	0.0	no_confident_CPAP_hit	low	no_confident_hit	no_ChtBD2_support	319	2	0	0	0	0	0	0	NA	NA	NA	NA	NA
Dmo_CPR_Uncharacterized_52	CPR_Uncharacterized_52	Dmo	Drosophila mojavensis	CPR	0.0	None	0.0	None	0.0	0.0	no_confident_CPAP_hit	low	no_confident_hit	no_ChtBD2_support	103	1	0	0	0	0	0	0	NA	NA	NA	NA	NA
Dmo_CPR_Uncharacterized_53	CPR_Uncharacterized_53	Dmo	Drosophila mojavensis	CPR	0.0	None	0.0	None	0.0	0.0	no_confident_CPAP_hit	low	no_confident_hit	no_ChtBD2_support	146	0	0	0	0	0	0	0	NA	NA	NA	NA	NA
Dmo_CPR_Uncharacterized_54	CPR_Uncharacterized_54	Dmo	Drosophila mojavensis	CPR	0.0	None	0.0	None	0.0	0.0	no_confident_CPAP_hit	low	no_confident_hit	no_ChtBD2_support	194	4	0	0	0	0	0	0	NA	NA	NA	NA	NA
Dmo_CPR_Uncharacterized_56	CPR_Uncharacterized_56	Dmo	Drosophila mojavensis	CPR	0.0	None	0.0	None	0.0	0.0	no_confident_CPAP_hit	low	no_confident_hit	no_ChtBD2_support	165	1	0	0	0	0	0	0	NA	NA	NA	NA	NA
Dmo_CPR_Uncharacterized_57	CPR_Uncharacterized_57	Dmo	Drosophila mojavensis	CPR	0.0	None	0.0	None	0.0	0.0	no_confident_CPAP_hit	low	no_confident_hit	no_ChtBD2_support	145	0	0	0	0	0	0	0	NA	NA	NA	NA	NA
Dmo_CPR_Uncharacterized_58	CPR_Uncharacterized_58	Dmo	Drosophila mojavensis	CPR	0.0	None	0.0	None	0.0	0.0	no_confident_CPAP_hit	low	no_confident_hit	no_ChtBD2_support	179	0	0	0	0	0	0	0	NA	NA	NA	NA	NA
Dmo_CPR_Uncharacterized_59	CPR_Uncharacterized_59	Dmo	Drosophila mojavensis	CPR	0.0	None	0.0	None	0.0	0.0	no_confident_CPAP_hit	low	no_confident_hit	no_ChtBD2_support	176	0	0	0	0	0	0	0	NA	NA	NA	NA	NA
Dmo_CPR_Uncharacterized_60	CPR_Uncharacterized_60	Dmo	Drosophila mojavensis	CPR	0.0	None	0.0	None	0.0	0.0	no_confident_CPAP_hit	low	no_confident_hit	no_ChtBD2_support	176	0	0	0	0	0	0	0	NA	NA	NA	NA	NA
Dmo_CPR_Uncharacterized_61	CPR_Uncharacterized_61	Dmo	Drosophila mojavensis	CPR	0.0	None	0.0	None	0.0	0.0	no_confident_CPAP_hit	low	no_confident_hit	no_ChtBD2_support	211	0	0	0	0	0	0	0	NA	NA	NA	NA	NA
Dmo_CPR_Uncharacterized_62	CPR_Uncharacterized_62	Dmo	Drosophila mojavensis	CPR	0.0	None	0.0	None	0.0	0.0	no_confident_CPAP_hit	low	no_confident_hit	no_ChtBD2_support	191	0	0	0	0	0	0	0	NA	NA	NA	NA	NA
Dmo_CPR_Uncharacterized_63	CPR_Uncharacterized_63	Dmo	Drosophila mojavensis	CPR	0.0	None	0.0	None	0.0	0.0	no_confident_CPAP_hit	low	no_confident_hit	no_ChtBD2_support	227	0	0	0	0	0	0	0	NA	NA	NA	NA	NA
Dmo_CPR_Uncharacterized_64	CPR_Uncharacterized_64	Dmo	Drosophila mojavensis	CPR	0.0	None	0.0	None	0.0	0.0	no_confident_CPAP_hit	low	no_confident_hit	no_ChtBD2_support	226	0	0	0	0	0	0	0	NA	NA	NA	NA	NA
Dmo_CPR_Uncharacterized_65	CPR_Uncharacterized_65	Dmo	Drosophila mojavensis	CPR	0.0	None	0.0	None	0.0	0.0	no_confident_CPAP_hit	low	no_confident_hit	no_ChtBD2_support	237	0	0	0	0	0	0	0	NA	NA	NA	NA	NA
Dmo_CPR_Uncharacterized_66	CPR_Uncharacterized_66	Dmo	Drosophila mojavensis	CPR	0.0	None	0.0	None	0.0	0.0	no_confident_CPAP_hit	low	no_confident_hit	no_ChtBD2_support	158	1	0	0	0	0	0	0	NA	NA	NA	NA	NA
Dmo_CPR_Uncharacterized_67	CPR_Uncharacterized_67	Dmo	Drosophila mojavensis	CPR	0.0	None	0.0	None	0.0	0.0	no_confident_CPAP_hit	low	no_confident_hit	no_ChtBD2_support	294	0	0	0	0	0	0	0	NA	NA	NA	NA	NA
Dmo_CPR_Uncharacterized_68	CPR_Uncharacterized_68	Dmo	Drosophila mojavensis	CPR	0.0	None	0.0	None	0.0	0.0	no_confident_CPAP_hit	low	no_confident_hit	no_ChtBD2_support	233	0	0	0	0	0	0	0	NA	NA	NA	NA	NA
Dmo_CPR_Uncharacterized_7	CPR_Uncharacterized_7	Dmo	Drosophila mojavensis	CPR	0.0	None	0.0	None	0.0	0.0	no_confident_CPAP_hit	low	no_confident_hit	no_ChtBD2_support	230	1	0	0	0	0	0	0	NA	NA	NA	NA	NA
Dmo_CPR_Uncharacterized_71	CPR_Uncharacterized_71	Dmo	Drosophila mojavensis	CPR	0.0	None	0.0	None	0.0	0.0	no_confident_CPAP_hit	low	no_confident_hit	no_ChtBD2_support	258	0	0	0	0	0	0	0	NA	NA	NA	NA	NA
Dmo_CPR_Uncharacterized_72	CPR_Uncharacterized_72	Dmo	Drosophila mojavensis	CPR	0.0	None	0.0	None	0.0	0.0	no_confident_CPAP_hit	low	no_confident_hit	no_ChtBD2_support	192	1	0	0	0	0	0	0	NA	NA	NA	NA	NA
Dmo_CPR_Uncharacterized_73	CPR_Uncharacterized_73	Dmo	Drosophila mojavensis	CPR	0.0	None	0.0	None	0.0	0.0	no_confident_CPAP_hit	low	no_confident_hit	no_ChtBD2_support	118	2	0	0	0	0	0	0	NA	NA	NA	NA	NA
Dmo_CPR_Uncharacterized_74	CPR_Uncharacterized_74	Dmo	Drosophila mojavensis	CPR	0.0	None	0.0	None	0.0	0.0	no_confident_CPAP_hit	low	no_confident_hit	no_ChtBD2_support	193	0	0	0	0	0	0	0	NA	NA	NA	NA	NA
Dmo_CPR_Uncharacterized_76	CPR_Uncharacterized_76	Dmo	Drosophila mojavensis	CPR	0.0	None	0.0	None	0.0	0.0	no_confident_CPAP_hit	low	no_confident_hit	no_ChtBD2_support	294	1	0	0	0	0	0	0	NA	NA	NA	NA	NA
Dmo_CPR_Uncharacterized_77	CPR_Uncharacterized_77	Dmo	Drosophila mojavensis	CPR	0.0	None	0.0	None	0.0	0.0	no_confident_CPAP_hit	low	no_confident_hit	no_ChtBD2_support	216	1	0	0	0	0	0	0	NA	NA	NA	NA	NA
Dmo_CPR_Uncharacterized_78	CPR_Uncharacterized_78	Dmo	Drosophila mojavensis	CPR	0.0	None	0.0	None	0.0	0.0	no_confident_CPAP_hit	low	no_confident_hit	no_ChtBD2_support	238	0	0	0	0	0	0	0	NA	NA	NA	NA	NA
Dmo_CPR_Uncharacterized_79	CPR_Uncharacterized_79	Dmo	Drosophila mojavensis	CPR	0.0	None	0.0	None	0.0	0.0	no_confident_CPAP_hit	low	no_confident_hit	no_ChtBD2_support	104	0	0	0	0	0	0	0	NA	NA	NA	NA	NA
Dmo_CPR_Uncharacterized_8	CPR_Uncharacterized_8	Dmo	Drosophila mojavensis	CPR	0.0	None	0.0	None	0.0	0.0	no_confident_CPAP_hit	low	no_confident_hit	no_ChtBD2_support	107	0	0	0	0	0	0	0	NA	NA	NA	NA	NA
Dmo_CPR_Uncharacterized_80	CPR_Uncharacterized_80	Dmo	Drosophila mojavensis	CPR	0.0	None	0.0	None	0.0	0.0	no_confident_CPAP_hit	low	no_confident_hit	no_ChtBD2_support	112	0	0	0	0	0	0	0	NA	NA	NA	NA	NA
Dmo_CPR_Uncharacterized_81	CPR_Uncharacterized_81	Dmo	Drosophila mojavensis	CPR	0.0	None	0.0	None	0.0	0.0	no_confident_CPAP_hit	low	no_confident_hit	no_ChtBD2_support	253	2	0	0	0	0	0	0	NA	NA	NA	NA	NA
Dmo_CPR_Uncharacterized_82	CPR_Uncharacterized_82	Dmo	Drosophila mojavensis	CPR	0.0	None	0.0	None	0.0	0.0	no_confident_CPAP_hit	low	no_confident_hit	no_ChtBD2_support	109	0	0	0	0	0	0	0	NA	NA	NA	NA	NA
Dmo_CPR_Uncharacterized_83	CPR_Uncharacterized_83	Dmo	Drosophila mojavensis	CPR	0.0	None	0.0	None	0.0	0.0	no_confident_CPAP_hit	low	no_confident_hit	no_ChtBD2_support	106	0	0	0	0	0	0	0	NA	NA	NA	NA	NA
Dmo_CPR_Uncharacterized_84	CPR_Uncharacterized_84	Dmo	Drosophila mojavensis	CPR	0.0	None	0.0	None	0.0	0.0	no_confident_CPAP_hit	low	no_confident_hit	no_ChtBD2_support	101	1	0	0	0	0	0	0	NA	NA	NA	NA	NA
Dmo_CPR_Uncharacterized_85	CPR_Uncharacterized_85	Dmo	Drosophila mojavensis	CPR	0.0	None	0.0	None	0.0	0.0	no_confident_CPAP_hit	low	no_confident_hit	no_ChtBD2_support	104	3	0	0	0	0	0	0	NA	NA	NA	NA	NA
Dmo_CPR_Uncharacterized_86	CPR_Uncharacterized_86	Dmo	Drosophila mojavensis	CPR	0.0	None	0.0	None	0.0	0.0	no_confident_CPAP_hit	low	no_confident_hit	no_ChtBD2_support	106	0	0	0	0	0	0	0	NA	NA	NA	NA	NA
Dmo_CPR_Uncharacterized_87	CPR_Uncharacterized_87	Dmo	Drosophila mojavensis	CPR	0.0	None	0.0	None	0.0	0.0	no_confident_CPAP_hit	low	no_confident_hit	no_ChtBD2_support	110	0	0	0	0	0	0	0	NA	NA	NA	NA	NA
Dmo_CPR_Uncharacterized_88	CPR_Uncharacterized_88	Dmo	Drosophila mojavensis	CPR	0.0	None	0.0	None	0.0	0.0	no_confident_CPAP_hit	low	no_confident_hit	no_ChtBD2_support	100	0	0	0	0	0	0	0	NA	NA	NA	NA	NA
Dmo_CPR_Uncharacterized_89	CPR_Uncharacterized_89	Dmo	Drosophila mojavensis	CPR	0.0	None	0.0	None	0.0	0.0	no_confident_CPAP_hit	low	no_confident_hit	no_ChtBD2_support	100	0	0	0	0	0	0	0	NA	NA	NA	NA	NA
Dmo_CPR_Uncharacterized_90	CPR_Uncharacterized_90	Dmo	Drosophila mojavensis	CPR	0.0	None	0.0	None	0.0	0.0	no_confident_CPAP_hit	low	no_confident_hit	no_ChtBD2_support	110	2	0	0	0	0	0	0	NA	NA	NA	NA	NA
Dmo_CPR_Uncharacterized_91	CPR_Uncharacterized_91	Dmo	Drosophila mojavensis	CPR	0.0	None	0.0	None	0.0	0.0	no_confident_CPAP_hit	low	no_confident_hit	no_ChtBD2_support	121	3	0	0	0	0	0	0	NA	NA	NA	NA	NA
Dmo_CPR_Uncharacterized_92	CPR_Uncharacterized_92	Dmo	Drosophila mojavensis	CPR	0.0	None	0.0	None	0.0	0.0	no_confident_CPAP_hit	low	no_confident_hit	no_ChtBD2_support	111	2	0	0	0	0	0	0	NA	NA	NA	NA	NA
Dmo_CPR_Uncharacterized_93	CPR_Uncharacterized_93	Dmo	Drosophila mojavensis	CPR	0.0	None	0.0	None	0.0	0.0	no_confident_CPAP_hit	low	no_confident_hit	no_ChtBD2_support	108	2	0	0	0	0	0	0	NA	NA	NA	NA	NA
Dmo_CPR_Uncharacterized_95	CPR_Uncharacterized_95	Dmo	Drosophila mojavensis	CPR	0.0	None	0.0	None	0.0	0.0	no_confident_CPAP_hit	low	no_confident_hit	no_ChtBD2_support	135	0	0	0	0	0	0	0	NA	NA	NA	NA	NA
Dmo_CPR_Uncharacterized_96	CPR_Uncharacterized_96	Dmo	Drosophila mojavensis	CPR	0.0	None	0.0	None	0.0	0.0	no_confident_CPAP_hit	low	no_confident_hit	no_ChtBD2_support	164	1	0	0	0	0	0	0	NA	NA	NA	NA	NA
Dmo_CPR_Uncharacterized_97	CPR_Uncharacterized_97	Dmo	Drosophila mojavensis	CPR	0.0	None	0.0	None	0.0	0.0	no_confident_CPAP_hit	low	no_confident_hit	no_ChtBD2_support	114	0	0	0	0	0	0	0	NA	NA	NA	NA	NA
Dmo_CPR_Uncharacterized_98	CPR_Uncharacterized_98	Dmo	Drosophila mojavensis	CPR	0.0	None	0.0	None	0.0	0.0	no_confident_CPAP_hit	low	no_confident_hit	no_ChtBD2_support	163	1	0	0	0	0	0	0	NA	NA	NA	NA	NA
Dmo_CPR_Uncharacterized_99	CPR_Uncharacterized_99	Dmo	Drosophila mojavensis	CPR	0.0	None	0.0	None	0.0	0.0	no_confident_CPAP_hit	low	no_confident_hit	no_ChtBD2_support	91	1	0	0	0	0	0	0	NA	NA	NA	NA	NA
Dmo_CPR_Uncharacterized_A	CPR_Uncharacterized_A	Dmo	Drosophila mojavensis	CPR	0.0	None	0.0	None	0.0	0.0	no_confident_CPAP_hit	low	no_confident_hit	no_ChtBD2_support	235	1	0	0	0	0	0	0	NA	NA	NA	NA	NA
Dmo_CPR_Uncharacterized_B	CPR_Uncharacterized_B	Dmo	Drosophila mojavensis	CPR	0.0	None	0.0	None	0.0	0.0	no_confident_CPAP_hit	low	no_confident_hit	no_ChtBD2_support	282	5	0	0	0	0	0	0	NA	NA	NA	NA	NA
Dmo_CPR_Uncharacterized_D	CPR_Uncharacterized_D	Dmo	Drosophila mojavensis	CPR	0.0	None	0.0	None	0.0	0.0	no_confident_CPAP_hit	low	no_confident_hit	no_ChtBD2_support	90	1	0	0	0	0	0	0	NA	NA	NA	NA	NA
Dmo_Tweedle1	Tweedle1	Dmo	Drosophila mojavensis	Tweedle	0.0	None	0.0	None	0.0	0.0	no_confident_CPAP_hit	low	no_confident_hit	no_ChtBD2_support	369	2	0	0	0	0	0	0	NA	NA	NA	NA	NA
Dmo_Tweedle10	Tweedle10	Dmo	Drosophila mojavensis	Tweedle	13.4	0.0048	0.0	None	13.4	13.4	no_confident_CPAP_hit	low	no_confident_hit	no_ChtBD2_support	288	1	0	0	0	0	0	0	NA	NA	NA	NA	NA
Dmo_Tweedle11	Tweedle11	Dmo	Drosophila mojavensis	Tweedle	0.0	None	0.0	None	0.0	0.0	no_confident_CPAP_hit	low	no_confident_hit	no_ChtBD2_support	285	0	0	0	0	0	0	0	NA	NA	NA	NA	NA
Dmo_Tweedle12	Tweedle12	Dmo	Drosophila mojavensis	Tweedle	0.0	None	0.0	None	0.0	0.0	no_confident_CPAP_hit	low	no_confident_hit	no_ChtBD2_support	255	1	0	0	0	0	0	0	NA	NA	NA	NA	NA
Dmo_Tweedle13	Tweedle13	Dmo	Drosophila mojavensis	Tweedle	0.0	None	0.0	None	0.0	0.0	no_confident_CPAP_hit	low	no_confident_hit	no_ChtBD2_support	220	1	0	0	0	0	0	0	NA	NA	NA	NA	NA
Dmo_Tweedle14	Tweedle14	Dmo	Drosophila mojavensis	Tweedle	0.0	None	0.0	None	0.0	0.0	no_confident_CPAP_hit	low	no_confident_hit	no_ChtBD2_support	235	1	0	0	0	0	0	0	NA	NA	NA	NA	NA
Dmo_Tweedle15	Tweedle15	Dmo	Drosophila mojavensis	Tweedle	0.0	None	0.0	None	0.0	0.0	no_confident_CPAP_hit	low	no_confident_hit	no_ChtBD2_support	304	0	0	0	0	0	0	0	NA	NA	NA	NA	NA
Dmo_Tweedle16	Tweedle16	Dmo	Drosophila mojavensis	Tweedle	0.0	None	0.0	None	0.0	0.0	no_confident_CPAP_hit	low	no_confident_hit	no_ChtBD2_support	308	2	0	0	0	0	0	0	NA	NA	NA	NA	NA
Dmo_Tweedle17	Tweedle17	Dmo	Drosophila mojavensis	Tweedle	0.0	None	0.0	None	0.0	0.0	no_confident_CPAP_hit	low	no_confident_hit	no_ChtBD2_support	277	3	0	0	0	0	0	0	NA	NA	NA	NA	NA
Dmo_Tweedle18	Tweedle18	Dmo	Drosophila mojavensis	Tweedle	0.0	None	0.0	None	0.0	0.0	no_confident_CPAP_hit	low	no_confident_hit	no_ChtBD2_support	227	2	0	0	0	0	0	0	NA	NA	NA	NA	NA
Dmo_Tweedle19	Tweedle19	Dmo	Drosophila mojavensis	Tweedle	0.0	None	0.0	None	0.0	0.0	no_confident_CPAP_hit	low	no_confident_hit	no_ChtBD2_support	315	2	0	0	0	0	0	0	NA	NA	NA	NA	NA
Dmo_Tweedle2	Tweedle2	Dmo	Drosophila mojavensis	Tweedle	0.0	None	0.0	None	0.0	0.0	no_confident_CPAP_hit	low	no_confident_hit	no_ChtBD2_support	206	1	0	0	0	0	0	0	NA	NA	NA	NA	NA
Dmo_Tweedle20	Tweedle20	Dmo	Drosophila mojavensis	Tweedle	0.0	None	0.0	None	0.0	0.0	no_confident_CPAP_hit	low	no_confident_hit	no_ChtBD2_support	280	2	0	0	0	0	0	0	NA	NA	NA	NA	NA
Dmo_Tweedle21	Tweedle21	Dmo	Drosophila mojavensis	Tweedle	0.0	None	0.0	None	0.0	0.0	no_confident_CPAP_hit	low	no_confident_hit	no_ChtBD2_support	231	1	0	0	0	0	0	0	NA	NA	NA	NA	NA
Dmo_Tweedle22	Tweedle22	Dmo	Drosophila mojavensis	Tweedle	0.0	None	0.0	None	0.0	0.0	no_confident_CPAP_hit	low	no_confident_hit	no_ChtBD2_support	295	1	0	0	0	0	0	0	NA	NA	NA	NA	NA
Dmo_Tweedle23	Tweedle23	Dmo	Drosophila mojavensis	Tweedle	0.0	None	0.0	None	0.0	0.0	no_confident_CPAP_hit	low	no_confident_hit	no_ChtBD2_support	240	1	0	0	0	0	0	0	NA	NA	NA	NA	NA
Dmo_Tweedle24	Tweedle24	Dmo	Drosophila mojavensis	Tweedle	0.0	None	0.0	None	0.0	0.0	no_confident_CPAP_hit	low	no_confident_hit	no_ChtBD2_support	354	0	0	0	0	0	0	0	NA	NA	NA	NA	NA
Dmo_Tweedle25	Tweedle25	Dmo	Drosophila mojavensis	Tweedle	4.1	3.3	0.0	None	4.1	4.1	no_confident_CPAP_hit	low	no_confident_hit	no_ChtBD2_support	295	1	0	0	0	0	0	0	NA	NA	NA	NA	NA
Dmo_Tweedle26	Tweedle26	Dmo	Drosophila mojavensis	Tweedle	0.0	None	0.0	None	0.0	0.0	no_confident_CPAP_hit	low	no_confident_hit	no_ChtBD2_support	296	1	0	0	0	0	0	0	NA	NA	NA	NA	NA
Dmo_Tweedle3	Tweedle3	Dmo	Drosophila mojavensis	Tweedle	0.0	None	0.0	None	0.0	0.0	no_confident_CPAP_hit	low	no_confident_hit	no_ChtBD2_support	229	0	0	0	0	0	0	0	NA	NA	NA	NA	NA
Dmo_Tweedle4	Tweedle4	Dmo	Drosophila mojavensis	Tweedle	0.0	None	0.0	None	0.0	0.0	no_confident_CPAP_hit	low	no_confident_hit	no_ChtBD2_support	372	2	0	0	0	0	0	0	NA	NA	NA	NA	NA
Dmo_Tweedle5	Tweedle5	Dmo	Drosophila mojavensis	Tweedle	0.0	None	0.0	None	0.0	0.0	no_confident_CPAP_hit	low	no_confident_hit	no_ChtBD2_support	201	0	0	0	0	0	0	0	NA	NA	NA	NA	NA
Dmo_Tweedle6	Tweedle6	Dmo	Drosophila mojavensis	Tweedle	0.0	None	0.0	None	0.0	0.0	no_confident_CPAP_hit	low	no_confident_hit	no_ChtBD2_support	190	0	0	0	0	0	0	0	NA	NA	NA	NA	NA
Dmo_Tweedle7	Tweedle7	Dmo	Drosophila mojavensis	Tweedle	0.0	None	0.0	None	0.0	0.0	no_confident_CPAP_hit	low	no_confident_hit	no_ChtBD2_support	357	1	0	0	0	0	0	0	NA	NA	NA	NA	NA
Dmo_Tweedle8	Tweedle8	Dmo	Drosophila mojavensis	Tweedle	0.0	None	0.0	None	0.0	0.0	no_confident_CPAP_hit	low	no_confident_hit	no_ChtBD2_support	284	1	0	0	0	0	0	0	NA	NA	NA	NA	NA
Dmo_Tweedle9	Tweedle9	Dmo	Drosophila mojavensis	Tweedle	0.0	None	0.0	None	0.0	0.0	no_confident_CPAP_hit	low	no_confident_hit	no_ChtBD2_support	328	0	0	0	0	0	0	0	NA	NA	NA	NA	NA
Dps_CPF1	CPF1	Dps	Drosophila pseudoobscura	CPF	0.0	None	0.0	None	0.0	0.0	no_confident_CPAP_hit	low	no_confident_hit	no_ChtBD2_support	181	0	0	0	0	0	0	0	NA	NA	NA	NA	NA
Dps_CPF2	CPF2	Dps	Drosophila pseudoobscura	CPF	0.0	None	0.0	None	0.0	0.0	no_confident_CPAP_hit	low	no_confident_hit	no_ChtBD2_support	237	0	0	0	0	0	0	0	NA	NA	NA	NA	NA
Dps_CPF3	CPF3	Dps	Drosophila pseudoobscura	CPF	0.0	None	0.0	None	0.0	0.0	no_confident_CPAP_hit	low	no_confident_hit	no_ChtBD2_support	201	0	0	0	0	0	0	0	NA	NA	NA	NA	NA
Dps_CPLCG1	CPLCG1	Dps	Drosophila pseudoobscura	CPLCG	0.0	None	0.0	None	0.0	0.0	no_confident_CPAP_hit	low	no_confident_hit	no_ChtBD2_support	123	0	0	0	0	0	0	0	NA	NA	NA	NA	NA
Dps_CPLCG2	CPLCG2	Dps	Drosophila pseudoobscura	CPLCG	0.0	None	0.0	None	0.0	0.0	no_confident_CPAP_hit	low	no_confident_hit	no_ChtBD2_support	147	1	0	0	0	0	0	0	NA	NA	NA	NA	NA
Dps_CPLCG3	CPLCG3	Dps	Drosophila pseudoobscura	CPLCG	0.0	None	0.0	None	0.0	0.0	no_confident_CPAP_hit	low	no_confident_hit	no_ChtBD2_support	135	0	0	0	0	0	0	0	NA	NA	NA	NA	NA
Dps_CPR_Uncharacterized_100	CPR_Uncharacterized_100	Dps	Drosophila pseudoobscura	CPR	0.0	None	0.0	None	0.0	0.0	no_confident_CPAP_hit	low	no_confident_hit	no_ChtBD2_support	124	3	0	0	0	0	0	0	NA	NA	NA	NA	NA
Dps_CPR_Uncharacterized_101	CPR_Uncharacterized_101	Dps	Drosophila pseudoobscura	CPR	0.0	None	0.0	None	0.0	0.0	no_confident_CPAP_hit	low	no_confident_hit	no_ChtBD2_support	120	1	0	0	0	0	0	0	NA	NA	NA	NA	NA
Dps_CPR_Uncharacterized_102	CPR_Uncharacterized_102	Dps	Drosophila pseudoobscura	CPR	0.0	None	0.0	None	0.0	0.0	no_confident_CPAP_hit	low	no_confident_hit	no_ChtBD2_support	254	2	0	0	0	0	0	0	NA	NA	NA	NA	NA
Dps_CPR_Uncharacterized_104	CPR_Uncharacterized_104	Dps	Drosophila pseudoobscura	CPR	0.0	None	0.0	None	0.0	0.0	no_confident_CPAP_hit	low	no_confident_hit	no_ChtBD2_support	133	0	0	0	0	0	0	0	NA	NA	NA	NA	NA
Dps_CPR_Uncharacterized_105	CPR_Uncharacterized_105	Dps	Drosophila pseudoobscura	CPR	0.0	None	0.0	None	0.0	0.0	no_confident_CPAP_hit	low	no_confident_hit	no_ChtBD2_support	155	1	0	0	0	0	0	0	NA	NA	NA	NA	NA
Dps_CPR_Uncharacterized_106	CPR_Uncharacterized_106	Dps	Drosophila pseudoobscura	CPR	0.0	None	0.0	None	0.0	0.0	no_confident_CPAP_hit	low	no_confident_hit	no_ChtBD2_support	215	0	0	0	0	0	0	0	NA	NA	NA	NA	NA
Dps_CPR_Uncharacterized_11	CPR_Uncharacterized_11	Dps	Drosophila pseudoobscura	CPR	0.0	None	0.0	None	0.0	0.0	no_confident_CPAP_hit	low	no_confident_hit	no_ChtBD2_support	112	1	0	0	0	0	0	0	NA	NA	NA	NA	NA
Dps_CPR_Uncharacterized_12	CPR_Uncharacterized_12	Dps	Drosophila pseudoobscura	CPR	0.0	None	0.0	None	0.0	0.0	no_confident_CPAP_hit	low	no_confident_hit	no_ChtBD2_support	112	1	0	0	0	0	0	0	NA	NA	NA	NA	NA
Dps_CPR_Uncharacterized_13	CPR_Uncharacterized_13	Dps	Drosophila pseudoobscura	CPR	0.0	None	0.0	None	0.0	0.0	no_confident_CPAP_hit	low	no_confident_hit	no_ChtBD2_support	121	0	0	0	0	0	0	0	NA	NA	NA	NA	NA
Dps_CPR_Uncharacterized_14	CPR_Uncharacterized_14	Dps	Drosophila pseudoobscura	CPR	0.0	None	0.0	None	0.0	0.0	no_confident_CPAP_hit	low	no_confident_hit	no_ChtBD2_support	138	0	0	0	0	0	0	0	NA	NA	NA	NA	NA
Dps_CPR_Uncharacterized_15	CPR_Uncharacterized_15	Dps	Drosophila pseudoobscura	CPR	0.0	None	0.0	None	0.0	0.0	no_confident_CPAP_hit	low	no_confident_hit	no_ChtBD2_support	93	1	0	0	0	0	0	0	NA	NA	NA	NA	NA
Dps_CPR_Uncharacterized_16	CPR_Uncharacterized_16	Dps	Drosophila pseudoobscura	CPR	0.0	None	0.0	None	0.0	0.0	no_confident_CPAP_hit	low	no_confident_hit	no_ChtBD2_support	147	1	0	0	0	0	0	0	NA	NA	NA	NA	NA
Dps_CPR_Uncharacterized_17	CPR_Uncharacterized_17	Dps	Drosophila pseudoobscura	CPR	0.0	None	0.0	None	0.0	0.0	no_confident_CPAP_hit	low	no_confident_hit	no_ChtBD2_support	319	0	0	0	0	0	0	0	NA	NA	NA	NA	NA
Dps_CPR_Uncharacterized_18	CPR_Uncharacterized_18	Dps	Drosophila pseudoobscura	CPR	0.0	None	0.0	None	0.0	0.0	no_confident_CPAP_hit	low	no_confident_hit	no_ChtBD2_support	191	0	0	0	0	0	0	0	NA	NA	NA	NA	NA
Dps_CPR_Uncharacterized_19	CPR_Uncharacterized_19	Dps	Drosophila pseudoobscura	CPR	0.0	None	0.0	None	0.0	0.0	no_confident_CPAP_hit	low	no_confident_hit	no_ChtBD2_support	114	3	0	0	0	0	0	0	NA	NA	NA	NA	NA
Dps_CPR_Uncharacterized_2	CPR_Uncharacterized_2	Dps	Drosophila pseudoobscura	CPR	0.0	None	0.0	None	0.0	0.0	no_confident_CPAP_hit	low	no_confident_hit	no_ChtBD2_support	284	0	0	0	0	0	0	0	NA	NA	NA	NA	NA
Dps_CPR_Uncharacterized_20	CPR_Uncharacterized_20	Dps	Drosophila pseudoobscura	CPR	0.0	None	0.0	None	0.0	0.0	no_confident_CPAP_hit	low	no_confident_hit	no_ChtBD2_support	215	0	0	0	0	0	0	0	NA	NA	NA	NA	NA
Dps_CPR_Uncharacterized_22	CPR_Uncharacterized_22	Dps	Drosophila pseudoobscura	CPR	0.0	None	0.0	None	0.0	0.0	no_confident_CPAP_hit	low	no_confident_hit	no_ChtBD2_support	203	0	0	0	0	0	0	0	NA	NA	NA	NA	NA
Dps_CPR_Uncharacterized_24	CPR_Uncharacterized_24	Dps	Drosophila pseudoobscura	CPR	0.0	None	0.0	None	0.0	0.0	no_confident_CPAP_hit	low	no_confident_hit	no_ChtBD2_support	307	0	0	0	0	0	0	0	NA	NA	NA	NA	NA
Dps_CPR_Uncharacterized_25	CPR_Uncharacterized_25	Dps	Drosophila pseudoobscura	CPR	0.0	None	0.0	None	0.0	0.0	no_confident_CPAP_hit	low	no_confident_hit	no_ChtBD2_support	198	2	0	0	0	0	0	0	NA	NA	NA	NA	NA
Dps_CPR_Uncharacterized_26	CPR_Uncharacterized_26	Dps	Drosophila pseudoobscura	CPR	0.0	None	0.0	None	0.0	0.0	no_confident_CPAP_hit	low	no_confident_hit	no_ChtBD2_support	214	2	0	0	0	0	0	0	NA	NA	NA	NA	NA
Dps_CPR_Uncharacterized_27	CPR_Uncharacterized_27	Dps	Drosophila pseudoobscura	CPR	0.0	None	0.0	None	0.0	0.0	no_confident_CPAP_hit	low	no_confident_hit	no_ChtBD2_support	260	0	0	0	0	0	0	0	NA	NA	NA	NA	NA
Dps_CPR_Uncharacterized_28	CPR_Uncharacterized_28	Dps	Drosophila pseudoobscura	CPR	0.0	None	0.0	None	0.0	0.0	no_confident_CPAP_hit	low	no_confident_hit	no_ChtBD2_support	127	0	0	0	0	0	0	0	NA	NA	NA	NA	NA
Dps_CPR_Uncharacterized_29	CPR_Uncharacterized_29	Dps	Drosophila pseudoobscura	CPR	0.0	None	0.0	None	0.0	0.0	no_confident_CPAP_hit	low	no_confident_hit	no_ChtBD2_support	72	0	0	0	0	0	0	0	NA	NA	NA	NA	NA
Dps_CPR_Uncharacterized_3	CPR_Uncharacterized_3	Dps	Drosophila pseudoobscura	CPR	0.0	None	0.0	None	0.0	0.0	no_confident_CPAP_hit	low	no_confident_hit	no_ChtBD2_support	122	0	0	0	0	0	0	0	NA	NA	NA	NA	NA
Dps_CPR_Uncharacterized_30	CPR_Uncharacterized_30	Dps	Drosophila pseudoobscura	CPR	0.0	None	0.0	None	0.0	0.0	no_confident_CPAP_hit	low	no_confident_hit	no_ChtBD2_support	226	2	0	0	0	0	0	0	NA	NA	NA	NA	NA
Dps_CPR_Uncharacterized_31	CPR_Uncharacterized_31	Dps	Drosophila pseudoobscura	CPR	0.0	None	0.0	None	0.0	0.0	no_confident_CPAP_hit	low	no_confident_hit	no_ChtBD2_support	332	0	0	0	0	0	0	0	NA	NA	NA	NA	NA
Dps_CPR_Uncharacterized_32	CPR_Uncharacterized_32	Dps	Drosophila pseudoobscura	CPR	0.0	None	0.0	None	0.0	0.0	no_confident_CPAP_hit	low	no_confident_hit	no_ChtBD2_support	224	1	0	0	0	0	0	0	NA	NA	NA	NA	NA
Dps_CPR_Uncharacterized_33	CPR_Uncharacterized_33	Dps	Drosophila pseudoobscura	CPR	0.0	None	0.0	None	0.0	0.0	no_confident_CPAP_hit	low	no_confident_hit	no_ChtBD2_support	242	0	0	0	0	0	0	0	NA	NA	NA	NA	NA
Dps_CPR_Uncharacterized_34	CPR_Uncharacterized_34	Dps	Drosophila pseudoobscura	CPR	0.0	None	0.0	None	0.0	0.0	no_confident_CPAP_hit	low	no_confident_hit	no_ChtBD2_support	211	0	0	0	0	0	0	0	NA	NA	NA	NA	NA
Dps_CPR_Uncharacterized_35	CPR_Uncharacterized_35	Dps	Drosophila pseudoobscura	CPR	0.0	None	0.0	None	0.0	0.0	no_confident_CPAP_hit	low	no_confident_hit	no_ChtBD2_support	231	2	0	0	0	0	0	0	NA	NA	NA	NA	NA
Dps_CPR_Uncharacterized_36	CPR_Uncharacterized_36	Dps	Drosophila pseudoobscura	CPR	0.0	None	0.0	None	0.0	0.0	no_confident_CPAP_hit	low	no_confident_hit	no_ChtBD2_support	233	0	0	0	0	0	0	0	NA	NA	NA	NA	NA
Dps_CPR_Uncharacterized_37	CPR_Uncharacterized_37	Dps	Drosophila pseudoobscura	CPR	0.0	None	0.0	None	0.0	0.0	no_confident_CPAP_hit	low	no_confident_hit	no_ChtBD2_support	217	1	0	0	0	0	0	0	NA	NA	NA	NA	NA
Dps_CPR_Uncharacterized_38	CPR_Uncharacterized_38	Dps	Drosophila pseudoobscura	CPR	0.0	None	0.0	None	0.0	0.0	no_confident_CPAP_hit	low	no_confident_hit	no_ChtBD2_support	151	0	0	0	0	0	0	0	NA	NA	NA	NA	NA
Dps_CPR_Uncharacterized_39	CPR_Uncharacterized_39	Dps	Drosophila pseudoobscura	CPR	0.0	None	0.0	None	0.0	0.0	no_confident_CPAP_hit	low	no_confident_hit	no_ChtBD2_support	198	1	0	0	0	0	0	0	NA	NA	NA	NA	NA
Dps_CPR_Uncharacterized_4	CPR_Uncharacterized_4	Dps	Drosophila pseudoobscura	CPR	0.0	None	0.0	None	0.0	0.0	no_confident_CPAP_hit	low	no_confident_hit	no_ChtBD2_support	188	0	0	0	0	0	0	0	NA	NA	NA	NA	NA
Dps_CPR_Uncharacterized_40	CPR_Uncharacterized_40	Dps	Drosophila pseudoobscura	CPR	0.0	None	0.0	None	0.0	0.0	no_confident_CPAP_hit	low	no_confident_hit	no_ChtBD2_support	174	0	0	0	0	0	0	0	NA	NA	NA	NA	NA
Dps_CPR_Uncharacterized_42	CPR_Uncharacterized_42	Dps	Drosophila pseudoobscura	CPR	0.0	None	0.0	None	0.0	0.0	no_confident_CPAP_hit	low	no_confident_hit	no_ChtBD2_support	190	1	0	0	0	0	0	0	NA	NA	NA	NA	NA
Dps_CPR_Uncharacterized_43	CPR_Uncharacterized_43	Dps	Drosophila pseudoobscura	CPR	0.0	None	0.0	None	0.0	0.0	no_confident_CPAP_hit	low	no_confident_hit	no_ChtBD2_support	137	1	0	0	0	0	0	0	NA	NA	NA	NA	NA
Dps_CPR_Uncharacterized_44	CPR_Uncharacterized_44	Dps	Drosophila pseudoobscura	CPR	0.0	None	0.0	None	0.0	0.0	no_confident_CPAP_hit	low	no_confident_hit	no_ChtBD2_support	138	1	0	0	0	0	0	0	NA	NA	NA	NA	NA
Dps_CPR_Uncharacterized_45	CPR_Uncharacterized_45	Dps	Drosophila pseudoobscura	CPR	0.0	None	0.0	None	0.0	0.0	no_confident_CPAP_hit	low	no_confident_hit	no_ChtBD2_support	127	1	0	0	0	0	0	0	NA	NA	NA	NA	NA
Dps_CPR_Uncharacterized_46	CPR_Uncharacterized_46	Dps	Drosophila pseudoobscura	CPR	0.0	None	0.0	None	0.0	0.0	no_confident_CPAP_hit	low	no_confident_hit	no_ChtBD2_support	190	0	0	0	0	0	0	0	NA	NA	NA	NA	NA
Dps_CPR_Uncharacterized_47	CPR_Uncharacterized_47	Dps	Drosophila pseudoobscura	CPR	0.0	None	0.0	None	0.0	0.0	no_confident_CPAP_hit	low	no_confident_hit	no_ChtBD2_support	92	1	0	0	0	0	0	0	NA	NA	NA	NA	NA
Dps_CPR_Uncharacterized_48	CPR_Uncharacterized_48	Dps	Drosophila pseudoobscura	CPR	0.0	None	0.0	None	0.0	0.0	no_confident_CPAP_hit	low	no_confident_hit	no_ChtBD2_support	149	0	0	0	0	0	0	0	NA	NA	NA	NA	NA
Dps_CPR_Uncharacterized_5	CPR_Uncharacterized_5	Dps	Drosophila pseudoobscura	CPR	0.0	None	0.0	None	0.0	0.0	no_confident_CPAP_hit	low	no_confident_hit	no_ChtBD2_support	216	0	0	0	0	0	0	0	NA	NA	NA	NA	NA
Dps_CPR_Uncharacterized_50	CPR_Uncharacterized_50	Dps	Drosophila pseudoobscura	CPR	0.0	None	0.0	None	0.0	0.0	no_confident_CPAP_hit	low	no_confident_hit	no_ChtBD2_support	284	3	0	0	0	0	0	0	NA	NA	NA	NA	NA
Dps_CPR_Uncharacterized_51	CPR_Uncharacterized_51	Dps	Drosophila pseudoobscura	CPR	0.0	None	0.0	None	0.0	0.0	no_confident_CPAP_hit	low	no_confident_hit	no_ChtBD2_support	253	0	0	0	0	0	0	0	NA	NA	NA	NA	NA
Dps_CPR_Uncharacterized_52	CPR_Uncharacterized_52	Dps	Drosophila pseudoobscura	CPR	0.0	None	0.0	None	0.0	0.0	no_confident_CPAP_hit	low	no_confident_hit	no_ChtBD2_support	150	5	0	0	0	0	0	0	NA	NA	NA	NA	NA
Dps_CPR_Uncharacterized_54	CPR_Uncharacterized_54	Dps	Drosophila pseudoobscura	CPR	0.0	None	0.0	None	0.0	0.0	no_confident_CPAP_hit	low	no_confident_hit	no_ChtBD2_support	94	1	0	0	0	0	0	0	NA	NA	NA	NA	NA
Dps_CPR_Uncharacterized_55	CPR_Uncharacterized_55	Dps	Drosophila pseudoobscura	CPR	0.0	None	0.0	None	0.0	0.0	no_confident_CPAP_hit	low	no_confident_hit	no_ChtBD2_support	126	0	0	0	0	0	0	0	NA	NA	NA	NA	NA
Dps_CPR_Uncharacterized_56	CPR_Uncharacterized_56	Dps	Drosophila pseudoobscura	CPR	0.0	None	0.0	None	0.0	0.0	no_confident_CPAP_hit	low	no_confident_hit	no_ChtBD2_support	201	2	0	0	0	0	0	0	NA	NA	NA	NA	NA
Dps_CPR_Uncharacterized_57	CPR_Uncharacterized_57	Dps	Drosophila pseudoobscura	CPR	0.0	None	0.0	None	0.0	0.0	no_confident_CPAP_hit	low	no_confident_hit	no_ChtBD2_support	192	1	0	0	0	0	0	0	NA	NA	NA	NA	NA
Dps_CPR_Uncharacterized_58	CPR_Uncharacterized_58	Dps	Drosophila pseudoobscura	CPR	0.0	None	0.0	None	0.0	0.0	no_confident_CPAP_hit	low	no_confident_hit	no_ChtBD2_support	224	2	0	0	0	0	0	0	NA	NA	NA	NA	NA
Dps_CPR_Uncharacterized_59	CPR_Uncharacterized_59	Dps	Drosophila pseudoobscura	CPR	0.0	None	0.0	None	0.0	0.0	no_confident_CPAP_hit	low	no_confident_hit	no_ChtBD2_support	191	1	0	0	0	0	0	0	NA	NA	NA	NA	NA
Dps_CPR_Uncharacterized_6	CPR_Uncharacterized_6	Dps	Drosophila pseudoobscura	CPR	0.0	None	0.0	None	0.0	0.0	no_confident_CPAP_hit	low	no_confident_hit	no_ChtBD2_support	326	0	0	0	0	0	0	0	NA	NA	NA	NA	NA
Dps_CPR_Uncharacterized_60	CPR_Uncharacterized_60	Dps	Drosophila pseudoobscura	CPR	0.0	None	0.0	None	0.0	0.0	no_confident_CPAP_hit	low	no_confident_hit	no_ChtBD2_support	92	1	0	0	0	0	0	0	NA	NA	NA	NA	NA
Dps_CPR_Uncharacterized_61	CPR_Uncharacterized_61	Dps	Drosophila pseudoobscura	CPR	0.0	None	0.0	None	0.0	0.0	no_confident_CPAP_hit	low	no_confident_hit	no_ChtBD2_support	149	3	0	0	0	0	0	0	NA	NA	NA	NA	NA
Dps_CPR_Uncharacterized_63	CPR_Uncharacterized_63	Dps	Drosophila pseudoobscura	CPR	0.0	None	0.0	None	0.0	0.0	no_confident_CPAP_hit	low	no_confident_hit	no_ChtBD2_support	260	1	0	0	0	0	0	0	NA	NA	NA	NA	NA
Dps_CPR_Uncharacterized_64	CPR_Uncharacterized_64	Dps	Drosophila pseudoobscura	CPR	0.0	None	0.0	None	0.0	0.0	no_confident_CPAP_hit	low	no_confident_hit	no_ChtBD2_support	128	1	0	0	0	0	0	0	NA	NA	NA	NA	NA
Dps_CPR_Uncharacterized_65	CPR_Uncharacterized_65	Dps	Drosophila pseudoobscura	CPR	0.0	None	0.0	None	0.0	0.0	no_confident_CPAP_hit	low	no_confident_hit	no_ChtBD2_support	102	5	0	0	0	0	0	0	NA	NA	NA	NA	NA
Dps_CPR_Uncharacterized_67	CPR_Uncharacterized_67	Dps	Drosophila pseudoobscura	CPR	0.0	None	0.0	None	0.0	0.0	no_confident_CPAP_hit	low	no_confident_hit	no_ChtBD2_support	367	3	0	0	0	0	0	0	NA	NA	NA	NA	NA
Dps_CPR_Uncharacterized_68	CPR_Uncharacterized_68	Dps	Drosophila pseudoobscura	CPR	0.0	None	0.0	None	0.0	0.0	no_confident_CPAP_hit	low	no_confident_hit	no_ChtBD2_support	240	0	0	0	0	0	0	0	NA	NA	NA	NA	NA
Dps_CPR_Uncharacterized_69	CPR_Uncharacterized_69	Dps	Drosophila pseudoobscura	CPR	0.0	None	0.0	None	0.0	0.0	no_confident_CPAP_hit	low	no_confident_hit	no_ChtBD2_support	117	1	0	0	0	0	0	0	NA	NA	NA	NA	NA
Dps_CPR_Uncharacterized_7	CPR_Uncharacterized_7	Dps	Drosophila pseudoobscura	CPR	0.0	None	0.0	None	0.0	0.0	no_confident_CPAP_hit	low	no_confident_hit	no_ChtBD2_support	209	0	0	0	0	0	0	0	NA	NA	NA	NA	NA
Dps_CPR_Uncharacterized_70	CPR_Uncharacterized_70	Dps	Drosophila pseudoobscura	CPR	0.0	None	0.0	None	0.0	0.0	no_confident_CPAP_hit	low	no_confident_hit	no_ChtBD2_support	146	0	0	0	0	0	0	0	NA	NA	NA	NA	NA
Dps_CPR_Uncharacterized_71	CPR_Uncharacterized_71	Dps	Drosophila pseudoobscura	CPR	0.0	None	0.0	None	0.0	0.0	no_confident_CPAP_hit	low	no_confident_hit	no_ChtBD2_support	89	0	0	0	0	0	0	0	NA	NA	NA	NA	NA
Dps_CPR_Uncharacterized_72	CPR_Uncharacterized_72	Dps	Drosophila pseudoobscura	CPR	0.0	None	0.0	None	0.0	0.0	no_confident_CPAP_hit	low	no_confident_hit	no_ChtBD2_support	145	1	0	0	0	0	0	0	NA	NA	NA	NA	NA
Dps_CPR_Uncharacterized_73	CPR_Uncharacterized_73	Dps	Drosophila pseudoobscura	CPR	0.0	None	0.0	None	0.0	0.0	no_confident_CPAP_hit	low	no_confident_hit	no_ChtBD2_support	268	2	0	0	0	0	0	0	NA	NA	NA	NA	NA
Dps_CPR_Uncharacterized_74	CPR_Uncharacterized_74	Dps	Drosophila pseudoobscura	CPR	0.0	None	0.0	None	0.0	0.0	no_confident_CPAP_hit	low	no_confident_hit	no_ChtBD2_support	248	4	0	0	0	0	0	0	NA	NA	NA	NA	NA
Dps_CPR_Uncharacterized_75	CPR_Uncharacterized_75	Dps	Drosophila pseudoobscura	CPR	0.0	None	0.0	None	0.0	0.0	no_confident_CPAP_hit	low	no_confident_hit	no_ChtBD2_support	106	1	0	0	0	0	0	0	NA	NA	NA	NA	NA
Dps_CPR_Uncharacterized_76	CPR_Uncharacterized_76	Dps	Drosophila pseudoobscura	CPR	0.0	None	0.0	None	0.0	0.0	no_confident_CPAP_hit	low	no_confident_hit	no_ChtBD2_support	100	0	0	0	0	0	0	0	NA	NA	NA	NA	NA
Dps_CPR_Uncharacterized_77	CPR_Uncharacterized_77	Dps	Drosophila pseudoobscura	CPR	0.0	None	0.0	None	0.0	0.0	no_confident_CPAP_hit	low	no_confident_hit	no_ChtBD2_support	102	2	0	0	0	0	0	0	NA	NA	NA	NA	NA
Dps_CPR_Uncharacterized_78	CPR_Uncharacterized_78	Dps	Drosophila pseudoobscura	CPR	0.0	None	0.0	None	0.0	0.0	no_confident_CPAP_hit	low	no_confident_hit	no_ChtBD2_support	101	0	0	0	0	0	0	0	NA	NA	NA	NA	NA
Dps_CPR_Uncharacterized_8	CPR_Uncharacterized_8	Dps	Drosophila pseudoobscura	CPR	0.0	None	0.0	None	0.0	0.0	no_confident_CPAP_hit	low	no_confident_hit	no_ChtBD2_support	195	4	0	0	0	0	0	0	NA	NA	NA	NA	NA
Dps_CPR_Uncharacterized_80	CPR_Uncharacterized_80	Dps	Drosophila pseudoobscura	CPR	0.0	None	0.0	None	0.0	0.0	no_confident_CPAP_hit	low	no_confident_hit	no_ChtBD2_support	101	0	0	0	0	0	0	0	NA	NA	NA	NA	NA
Dps_CPR_Uncharacterized_82	CPR_Uncharacterized_82	Dps	Drosophila pseudoobscura	CPR	0.0	None	0.0	None	0.0	0.0	no_confident_CPAP_hit	low	no_confident_hit	no_ChtBD2_support	104	0	0	0	0	0	0	0	NA	NA	NA	NA	NA
Dps_CPR_Uncharacterized_83	CPR_Uncharacterized_83	Dps	Drosophila pseudoobscura	CPR	0.0	None	0.0	None	0.0	0.0	no_confident_CPAP_hit	low	no_confident_hit	no_ChtBD2_support	109	0	0	0	0	0	0	0	NA	NA	NA	NA	NA
Dps_CPR_Uncharacterized_85	CPR_Uncharacterized_85	Dps	Drosophila pseudoobscura	CPR	0.0	None	0.0	None	0.0	0.0	no_confident_CPAP_hit	low	no_confident_hit	no_ChtBD2_support	108	1	0	0	0	0	0	0	NA	NA	NA	NA	NA
Dps_CPR_Uncharacterized_86	CPR_Uncharacterized_86	Dps	Drosophila pseudoobscura	CPR	0.0	None	0.0	None	0.0	0.0	no_confident_CPAP_hit	low	no_confident_hit	no_ChtBD2_support	108	1	0	0	0	0	0	0	NA	NA	NA	NA	NA
Dps_CPR_Uncharacterized_87	CPR_Uncharacterized_87	Dps	Drosophila pseudoobscura	CPR	0.0	None	0.0	None	0.0	0.0	no_confident_CPAP_hit	low	no_confident_hit	no_ChtBD2_support	120	4	0	0	0	0	0	0	NA	NA	NA	NA	NA
Dps_CPR_Uncharacterized_88	CPR_Uncharacterized_88	Dps	Drosophila pseudoobscura	CPR	0.0	None	0.0	None	0.0	0.0	no_confident_CPAP_hit	low	no_confident_hit	no_ChtBD2_support	111	2	0	0	0	0	0	0	NA	NA	NA	NA	NA
Dps_CPR_Uncharacterized_90	CPR_Uncharacterized_90	Dps	Drosophila pseudoobscura	CPR	0.0	None	0.0	None	0.0	0.0	no_confident_CPAP_hit	low	no_confident_hit	no_ChtBD2_support	102	0	0	0	0	0	0	0	NA	NA	NA	NA	NA
Dps_CPR_Uncharacterized_91	CPR_Uncharacterized_91	Dps	Drosophila pseudoobscura	CPR	0.0	None	0.0	None	0.0	0.0	no_confident_CPAP_hit	low	no_confident_hit	no_ChtBD2_support	104	0	0	0	0	0	0	0	NA	NA	NA	NA	NA
Dps_CPR_Uncharacterized_93	CPR_Uncharacterized_93	Dps	Drosophila pseudoobscura	CPR	0.0	None	0.0	None	0.0	0.0	no_confident_CPAP_hit	low	no_confident_hit	no_ChtBD2_support	93	1	0	0	0	0	0	0	NA	NA	NA	NA	NA
Dps_CPR_Uncharacterized_94	CPR_Uncharacterized_94	Dps	Drosophila pseudoobscura	CPR	0.0	None	0.0	None	0.0	0.0	no_confident_CPAP_hit	low	no_confident_hit	no_ChtBD2_support	104	0	0	0	0	0	0	0	NA	NA	NA	NA	NA
Dps_CPR_Uncharacterized_96	CPR_Uncharacterized_96	Dps	Drosophila pseudoobscura	CPR	0.0	None	0.0	None	0.0	0.0	no_confident_CPAP_hit	low	no_confident_hit	no_ChtBD2_support	102	0	0	0	0	0	0	0	NA	NA	NA	NA	NA
Dps_CPR_Uncharacterized_97	CPR_Uncharacterized_97	Dps	Drosophila pseudoobscura	CPR	0.0	None	0.0	None	0.0	0.0	no_confident_CPAP_hit	low	no_confident_hit	no_ChtBD2_support	119	0	0	0	0	0	0	0	NA	NA	NA	NA	NA
Dps_CPR_Uncharacterized_98	CPR_Uncharacterized_98	Dps	Drosophila pseudoobscura	CPR	0.0	None	0.0	None	0.0	0.0	no_confident_CPAP_hit	low	no_confident_hit	no_ChtBD2_support	142	1	0	0	0	0	0	0	NA	NA	NA	NA	NA
Dps_CPR_Uncharacterized_99	CPR_Uncharacterized_99	Dps	Drosophila pseudoobscura	CPR	0.0	None	0.0	None	0.0	0.0	no_confident_CPAP_hit	low	no_confident_hit	no_ChtBD2_support	121	1	0	0	0	0	0	0	NA	NA	NA	NA	NA
Dps_CPR_Uncharacterized_A	CPR_Uncharacterized_A	Dps	Drosophila pseudoobscura	CPR	0.0	None	0.0	None	0.0	0.0	no_confident_CPAP_hit	low	no_confident_hit	no_ChtBD2_support	149	1	0	0	0	0	0	0	NA	NA	NA	NA	NA
Dps_CPR_Uncharacterized_B	CPR_Uncharacterized_B	Dps	Drosophila pseudoobscura	CPR	0.0	None	0.0	None	0.0	0.0	no_confident_CPAP_hit	low	no_confident_hit	no_ChtBD2_support	312	1	0	0	0	0	0	0	NA	NA	NA	NA	NA
Dps_CPR_Uncharacterized_C	CPR_Uncharacterized_C	Dps	Drosophila pseudoobscura	CPR	0.0	None	0.0	None	0.0	0.0	no_confident_CPAP_hit	low	no_confident_hit	no_ChtBD2_support	165	0	0	0	0	0	0	0	NA	NA	NA	NA	NA
Dps_CPR_Uncharacterized_E	CPR_Uncharacterized_E	Dps	Drosophila pseudoobscura	CPR	0.0	None	0.0	None	0.0	0.0	no_confident_CPAP_hit	low	no_confident_hit	no_ChtBD2_support	665	3	0	0	0	0	0	0	NA	NA	NA	NA	NA
Dps_CPR_Uncharacterized_F	CPR_Uncharacterized_F	Dps	Drosophila pseudoobscura	CPR	0.0	None	0.0	None	0.0	0.0	no_confident_CPAP_hit	low	no_confident_hit	no_ChtBD2_support	353	1	0	0	0	0	0	0	NA	NA	NA	NA	NA
Dps_CPR_Uncharacterized_G	CPR_Uncharacterized_G	Dps	Drosophila pseudoobscura	CPR	0.0	None	0.0	None	0.0	0.0	no_confident_CPAP_hit	low	no_confident_hit	no_ChtBD2_support	487	0	0	0	0	0	0	0	NA	NA	NA	NA	NA
Dps_CPR_Uncharacterized_H	CPR_Uncharacterized_H	Dps	Drosophila pseudoobscura	CPR	0.0	None	0.0	None	0.0	0.0	no_confident_CPAP_hit	low	no_confident_hit	no_ChtBD2_support	216	1	0	0	0	0	0	0	NA	NA	NA	NA	NA
Dps_CPR_Uncharacterized_I	CPR_Uncharacterized_I	Dps	Drosophila pseudoobscura	CPR	0.0	None	0.0	None	0.0	0.0	no_confident_CPAP_hit	low	no_confident_hit	no_ChtBD2_support	147	1	0	0	0	0	0	0	NA	NA	NA	NA	NA
Dps_CPR_Uncharacterized_K	CPR_Uncharacterized_K	Dps	Drosophila pseudoobscura	CPR	0.0	None	0.0	None	0.0	0.0	no_confident_CPAP_hit	low	no_confident_hit	no_ChtBD2_support	336	1	0	0	0	0	0	0	NA	NA	NA	NA	NA
Dps_CPR_Uncharacterized_L	CPR_Uncharacterized_L	Dps	Drosophila pseudoobscura	CPR	0.0	None	0.0	None	0.0	0.0	no_confident_CPAP_hit	low	no_confident_hit	no_ChtBD2_support	183	1	0	0	0	0	0	0	NA	NA	NA	NA	NA
Dps_CPR_Uncharacterized_N	CPR_Uncharacterized_N	Dps	Drosophila pseudoobscura	CPR	0.0	None	0.0	None	0.0	0.0	no_confident_CPAP_hit	low	no_confident_hit	no_ChtBD2_support	204	1	0	0	0	0	0	0	NA	NA	NA	NA	NA
Dps_CPR_Uncharacterized_P	CPR_Uncharacterized_P	Dps	Drosophila pseudoobscura	CPR	0.0	None	0.0	None	0.0	0.0	no_confident_CPAP_hit	low	no_confident_hit	no_ChtBD2_support	260	1	0	0	0	0	0	0	NA	NA	NA	NA	NA
Dps_Tweedle1	Tweedle1	Dps	Drosophila pseudoobscura	Tweedle	0.0	None	0.0	None	0.0	0.0	no_confident_CPAP_hit	low	no_confident_hit	no_ChtBD2_support	329	2	0	0	0	0	0	0	NA	NA	NA	NA	NA
Dps_Tweedle12	Tweedle12	Dps	Drosophila pseudoobscura	Tweedle	0.0	None	0.0	None	0.0	0.0	no_confident_CPAP_hit	low	no_confident_hit	no_ChtBD2_support	399	1	0	0	0	0	0	0	NA	NA	NA	NA	NA
Dps_Tweedle14	Tweedle14	Dps	Drosophila pseudoobscura	Tweedle	0.0	None	0.0	None	0.0	0.0	no_confident_CPAP_hit	low	no_confident_hit	no_ChtBD2_support	314	0	0	0	0	0	0	0	NA	NA	NA	NA	NA
Dps_Tweedle15	Tweedle15	Dps	Drosophila pseudoobscura	Tweedle	0.0	None	0.0	None	0.0	0.0	no_confident_CPAP_hit	low	no_confident_hit	no_ChtBD2_support	197	0	0	0	0	0	0	0	NA	NA	NA	NA	NA
Dps_Tweedle17	Tweedle17	Dps	Drosophila pseudoobscura	Tweedle	0.0	None	0.0	None	0.0	0.0	no_confident_CPAP_hit	low	no_confident_hit	no_ChtBD2_support	316	2	0	0	0	0	0	0	NA	NA	NA	NA	NA
Dps_Tweedle18	Tweedle18	Dps	Drosophila pseudoobscura	Tweedle	0.0	None	0.0	None	0.0	0.0	no_confident_CPAP_hit	low	no_confident_hit	no_ChtBD2_support	229	1	0	0	0	0	0	0	NA	NA	NA	NA	NA
Dps_Tweedle19	Tweedle19	Dps	Drosophila pseudoobscura	Tweedle	0.0	None	0.0	None	0.0	0.0	no_confident_CPAP_hit	low	no_confident_hit	no_ChtBD2_support	264	1	0	0	0	0	0	0	NA	NA	NA	NA	NA
Dps_Tweedle20	Tweedle20	Dps	Drosophila pseudoobscura	Tweedle	0.0	None	0.0	None	0.0	0.0	no_confident_CPAP_hit	low	no_confident_hit	no_ChtBD2_support	236	0	0	0	0	0	0	0	NA	NA	NA	NA	NA
Dps_Tweedle21	Tweedle21	Dps	Drosophila pseudoobscura	Tweedle	0.0	None	0.0	None	0.0	0.0	no_confident_CPAP_hit	low	no_confident_hit	no_ChtBD2_support	254	2	0	0	0	0	0	0	NA	NA	NA	NA	NA
Dps_Tweedle22	Tweedle22	Dps	Drosophila pseudoobscura	Tweedle	0.0	None	0.0	None	0.0	0.0	no_confident_CPAP_hit	low	no_confident_hit	no_ChtBD2_support	297	0	0	0	0	0	0	0	NA	NA	NA	NA	NA
Dps_Tweedle23	Tweedle23	Dps	Drosophila pseudoobscura	Tweedle	10.6	0.035	0.0	None	10.6	10.6	no_confident_CPAP_hit	low	no_confident_hit	no_ChtBD2_support	247	0	0	0	0	0	0	0	NA	NA	NA	NA	NA
Dps_Tweedle24	Tweedle24	Dps	Drosophila pseudoobscura	Tweedle	0.0	None	0.0	None	0.0	0.0	no_confident_CPAP_hit	low	no_confident_hit	no_ChtBD2_support	293	1	0	0	0	0	0	0	NA	NA	NA	NA	NA
Dps_Tweedle27	Tweedle27	Dps	Drosophila pseudoobscura	Tweedle	0.0	None	0.0	None	0.0	0.0	no_confident_CPAP_hit	low	no_confident_hit	no_ChtBD2_support	375	1	0	0	0	0	0	0	NA	NA	NA	NA	NA
Dps_Tweedle28	Tweedle28	Dps	Drosophila pseudoobscura	Tweedle	0.0	None	0.0	None	0.0	0.0	no_confident_CPAP_hit	low	no_confident_hit	no_ChtBD2_support	245	0	0	0	0	0	0	0	NA	NA	NA	NA	NA
Dps_Tweedle29	Tweedle29	Dps	Drosophila pseudoobscura	Tweedle	6.3	0.71	0.0	None	6.3	6.3	no_confident_CPAP_hit	low	no_confident_hit	no_ChtBD2_support	291	1	0	0	0	0	0	0	NA	NA	NA	NA	NA
Dps_Tweedle3	Tweedle3	Dps	Drosophila pseudoobscura	Tweedle	0.0	None	0.0	None	0.0	0.0	no_confident_CPAP_hit	low	no_confident_hit	no_ChtBD2_support	331	2	0	0	0	0	0	0	NA	NA	NA	NA	NA
Dps_Tweedle30	Tweedle30	Dps	Drosophila pseudoobscura	Tweedle	0.0	None	0.0	None	0.0	0.0	no_confident_CPAP_hit	low	no_confident_hit	no_ChtBD2_support	337	0	0	0	0	0	0	0	NA	NA	NA	NA	NA
Dps_Tweedle32	Tweedle32	Dps	Drosophila pseudoobscura	Tweedle	0.0	None	0.0	None	0.0	0.0	no_confident_CPAP_hit	low	no_confident_hit	no_ChtBD2_support	369	3	0	0	0	0	0	0	NA	NA	NA	NA	NA
Dps_Tweedle33	Tweedle33	Dps	Drosophila pseudoobscura	Tweedle	0.0	None	0.0	None	0.0	0.0	no_confident_CPAP_hit	low	no_confident_hit	no_ChtBD2_support	235	0	0	0	0	0	0	0	NA	NA	NA	NA	NA
Dps_Tweedle34	Tweedle34	Dps	Drosophila pseudoobscura	Tweedle	0.0	None	0.0	None	0.0	0.0	no_confident_CPAP_hit	low	no_confident_hit	no_ChtBD2_support	217	0	0	0	0	0	0	0	NA	NA	NA	NA	NA
Dps_Tweedle35	Tweedle35	Dps	Drosophila pseudoobscura	Tweedle	0.0	None	0.0	None	0.0	0.0	no_confident_CPAP_hit	low	no_confident_hit	no_ChtBD2_support	349	0	0	0	0	0	0	0	NA	NA	NA	NA	NA
Dps_Tweedle36	Tweedle36	Dps	Drosophila pseudoobscura	Tweedle	0.0	None	0.0	None	0.0	0.0	no_confident_CPAP_hit	low	no_confident_hit	no_ChtBD2_support	191	0	0	0	0	0	0	0	NA	NA	NA	NA	NA
Dps_Tweedle4	Tweedle4	Dps	Drosophila pseudoobscura	Tweedle	0.0	None	0.0	None	0.0	0.0	no_confident_CPAP_hit	low	no_confident_hit	no_ChtBD2_support	225	1	0	0	0	0	0	0	NA	NA	NA	NA	NA
Dps_Tweedle5	Tweedle5	Dps	Drosophila pseudoobscura	Tweedle	0.0	None	0.0	None	0.0	0.0	no_confident_CPAP_hit	low	no_confident_hit	no_ChtBD2_support	290	2	0	0	0	0	0	0	NA	NA	NA	NA	NA
Dps_Tweedle6	Tweedle6	Dps	Drosophila pseudoobscura	Tweedle	0.0	None	0.0	None	0.0	0.0	no_confident_CPAP_hit	low	no_confident_hit	no_ChtBD2_support	290	2	0	0	0	0	0	0	NA	NA	NA	NA	NA
Dps_Tweedle7	Tweedle7	Dps	Drosophila pseudoobscura	Tweedle	0.0	None	0.0	None	0.0	0.0	no_confident_CPAP_hit	low	no_confident_hit	no_ChtBD2_support	230	2	0	0	0	0	0	0	NA	NA	NA	NA	NA
Dps_Tweedle8	Tweedle8	Dps	Drosophila pseudoobscura	Tweedle	0.0	None	0.0	None	0.0	0.0	no_confident_CPAP_hit	low	no_confident_hit	no_ChtBD2_support	277	1	0	0	0	0	0	0	NA	NA	NA	NA	NA
Dps_Tweedle9	Tweedle9	Dps	Drosophila pseudoobscura	Tweedle	0.0	None	0.0	None	0.0	0.0	no_confident_CPAP_hit	low	no_confident_hit	no_ChtBD2_support	309	2	0	0	0	0	0	0	NA	NA	NA	NA	NA
Dsu_Tubby-like	Tubby-like	Dsu	Drosophila suzukii	Tweedle	0.0	None	0.0	None	0.0	0.0	no_confident_CPAP_hit	low	no_confident_hit	no_ChtBD2_support	278	0	0	0	0	0	0	0	NA	NA	NA	NA	NA
Dsu_TwdlC-like	TwdlC-like	Dsu	Drosophila suzukii	Tweedle	0.0	None	0.0	None	0.0	0.0	no_confident_CPAP_hit	low	no_confident_hit	no_ChtBD2_support	361	1	0	0	0	0	0	0	NA	NA	NA	NA	NA
Dsu_TwdlF	TwdlF	Dsu	Drosophila suzukii	Tweedle	0.0	None	0.0	None	0.0	0.0	no_confident_CPAP_hit	low	no_confident_hit	no_ChtBD2_support	326	1	0	0	0	0	0	0	NA	NA	NA	NA	NA
Dsu_TwdlG	TwdlG	Dsu	Drosophila suzukii	Tweedle	0.0	None	0.0	None	0.0	0.0	no_confident_CPAP_hit	low	no_confident_hit	no_ChtBD2_support	281	2	0	0	0	0	0	0	NA	NA	NA	NA	NA
Dsu_TwdlJ-like	TwdlJ-like	Dsu	Drosophila suzukii	Tweedle	0.0	None	0.0	None	0.0	0.0	no_confident_CPAP_hit	low	no_confident_hit	no_ChtBD2_support	291	2	0	0	0	0	0	0	NA	NA	NA	NA	NA
Dsu_TwdlT-like	TwdlT-like	Dsu	Drosophila suzukii	Tweedle	0.0	None	0.0	None	0.0	0.0	no_confident_CPAP_hit	low	no_confident_hit	no_ChtBD2_support	306	1	0	0	0	0	0	0	NA	NA	NA	NA	NA
Dsu_TwdlV	TwdlV	Dsu	Drosophila suzukii	Tweedle	0.0	None	0.0	None	0.0	0.0	no_confident_CPAP_hit	low	no_confident_hit	no_ChtBD2_support	252	1	0	0	0	0	0	0	NA	NA	NA	NA	NA
Dsu_TwdlW-like	TwdlW-like	Dsu	Drosophila suzukii	Tweedle	0.0	None	0.0	None	0.0	0.0	no_confident_CPAP_hit	low	no_confident_hit	no_ChtBD2_support	306	0	0	0	0	0	0	0	NA	NA	NA	NA	NA
Dsu_cpr35B	cpr35B	Dsu	Drosophila suzukii	CPR RR-2	0.0	None	0.0	None	0.0	0.0	no_confident_CPAP_hit	low	no_confident_hit	no_ChtBD2_support	225	0	0	0	0	0	0	0	NA	NA	NA	NA	NA
Dsu_cpr66D	cpr66D	Dsu	Drosophila suzukii	CPR RR-2	0.0	None	0.0	None	0.0	0.0	no_confident_CPAP_hit	low	no_confident_hit	no_ChtBD2_support	273	0	0	0	0	0	0	0	NA	NA	NA	NA	NA
Dsu_dusky-like	dusky-like	Dsu	Drosophila suzukii	NULL	0.0	None	0.0	None	0.0	0.0	no_confident_CPAP_hit	low	no_confident_hit	no_ChtBD2_support	1232	28	0	0	0	0	0	0	108	96	40,77,4,16,3	84	229
Dvi_CPF1	CPF1	Dvi	Drosophila virilis	CPF	0.0	None	0.0	None	0.0	0.0	no_confident_CPAP_hit	low	no_confident_hit	no_ChtBD2_support	135	0	0	0	0	0	0	0	NA	NA	NA	NA	NA
Dvi_CPF2	CPF2	Dvi	Drosophila virilis	CPF	0.0	None	0.0	None	0.0	0.0	no_confident_CPAP_hit	low	no_confident_hit	no_ChtBD2_support	240	0	0	0	0	0	0	0	NA	NA	NA	NA	NA
Dvi_CPF3	CPF3	Dvi	Drosophila virilis	CPF	0.0	None	0.0	None	0.0	0.0	no_confident_CPAP_hit	low	no_confident_hit	no_ChtBD2_support	156	0	0	0	0	0	0	0	NA	NA	NA	NA	NA
Dvi_CPLCG1	CPLCG1	Dvi	Drosophila virilis	CPLCG	0.0	None	0.0	None	0.0	0.0	no_confident_CPAP_hit	low	no_confident_hit	no_ChtBD2_support	127	0	0	0	0	0	0	0	NA	NA	NA	NA	NA
Dvi_CPLCG2	CPLCG2	Dvi	Drosophila virilis	CPLCG	0.0	None	0.0	None	0.0	0.0	no_confident_CPAP_hit	low	no_confident_hit	no_ChtBD2_support	141	1	0	0	0	0	0	0	NA	NA	NA	NA	NA
Dvi_CPLCG3	CPLCG3	Dvi	Drosophila virilis	CPLCG	0.0	None	0.0	None	0.0	0.0	no_confident_CPAP_hit	low	no_confident_hit	no_ChtBD2_support	129	0	0	0	0	0	0	0	NA	NA	NA	NA	NA
Dvi_CPR_Uncharacterized_10	CPR_Uncharacterized_10	Dvi	Drosophila virilis	CPR	0.0	None	0.0	None	0.0	0.0	no_confident_CPAP_hit	low	no_confident_hit	no_ChtBD2_support	371	1	0	0	0	0	0	0	NA	NA	NA	NA	NA
Dvi_CPR_Uncharacterized_101	CPR_Uncharacterized_101	Dvi	Drosophila virilis	CPR	0.0	None	0.0	None	0.0	0.0	no_confident_CPAP_hit	low	no_confident_hit	no_ChtBD2_support	289	4	0	0	0	0	0	0	NA	NA	NA	NA	NA
Dvi_CPR_Uncharacterized_102	CPR_Uncharacterized_102	Dvi	Drosophila virilis	CPR	0.0	None	0.0	None	0.0	0.0	no_confident_CPAP_hit	low	no_confident_hit	no_ChtBD2_support	99	0	0	0	0	0	0	0	NA	NA	NA	NA	NA
Dvi_CPR_Uncharacterized_104	CPR_Uncharacterized_104	Dvi	Drosophila virilis	CPR	0.0	None	0.0	None	0.0	0.0	no_confident_CPAP_hit	low	no_confident_hit	no_ChtBD2_support	160	1	0	0	0	0	0	0	NA	NA	NA	NA	NA
Dvi_CPR_Uncharacterized_105	CPR_Uncharacterized_105	Dvi	Drosophila virilis	CPR	0.0	None	0.0	None	0.0	0.0	no_confident_CPAP_hit	low	no_confident_hit	no_ChtBD2_support	115	0	0	0	0	0	0	0	NA	NA	NA	NA	NA
Dvi_CPR_Uncharacterized_106	CPR_Uncharacterized_106	Dvi	Drosophila virilis	CPR	0.0	None	0.0	None	0.0	0.0	no_confident_CPAP_hit	low	no_confident_hit	no_ChtBD2_support	129	1	0	0	0	0	0	0	NA	NA	NA	NA	NA
Dvi_CPR_Uncharacterized_107	CPR_Uncharacterized_107	Dvi	Drosophila virilis	CPR	0.0	None	0.0	None	0.0	0.0	no_confident_CPAP_hit	low	no_confident_hit	no_ChtBD2_support	160	0	0	0	0	0	0	0	NA	NA	NA	NA	NA
Dvi_CPR_Uncharacterized_108	CPR_Uncharacterized_108	Dvi	Drosophila virilis	CPR	0.0	None	0.0	None	0.0	0.0	no_confident_CPAP_hit	low	no_confident_hit	no_ChtBD2_support	127	0	0	0	0	0	0	0	NA	NA	NA	NA	NA
Dvi_CPR_Uncharacterized_109	CPR_Uncharacterized_109	Dvi	Drosophila virilis	CPR	0.0	None	0.0	None	0.0	0.0	no_confident_CPAP_hit	low	no_confident_hit	no_ChtBD2_support	139	1	0	0	0	0	0	0	NA	NA	NA	NA	NA
Dvi_CPR_Uncharacterized_11	CPR_Uncharacterized_11	Dvi	Drosophila virilis	CPR	0.0	None	0.0	None	0.0	0.0	no_confident_CPAP_hit	low	no_confident_hit	no_ChtBD2_support	119	2	0	0	0	0	0	0	NA	NA	NA	NA	NA
Dvi_CPR_Uncharacterized_110	CPR_Uncharacterized_110	Dvi	Drosophila virilis	CPR	0.0	None	0.0	None	0.0	0.0	no_confident_CPAP_hit	low	no_confident_hit	no_ChtBD2_support	123	1	0	0	0	0	0	0	NA	NA	NA	NA	NA
Dvi_CPR_Uncharacterized_111	CPR_Uncharacterized_111	Dvi	Drosophila virilis	CPR	0.0	None	0.0	None	0.0	0.0	no_confident_CPAP_hit	low	no_confident_hit	no_ChtBD2_support	120	3	0	0	0	0	0	0	NA	NA	NA	NA	NA
Dvi_CPR_Uncharacterized_112	CPR_Uncharacterized_112	Dvi	Drosophila virilis	CPR	0.0	None	0.0	None	0.0	0.0	no_confident_CPAP_hit	low	no_confident_hit	no_ChtBD2_support	155	3	0	0	0	0	0	0	NA	NA	NA	NA	NA
Dvi_CPR_Uncharacterized_113	CPR_Uncharacterized_113	Dvi	Drosophila virilis	CPR	0.0	None	0.0	None	0.0	0.0	no_confident_CPAP_hit	low	no_confident_hit	no_ChtBD2_support	393	0	0	0	0	0	0	0	NA	NA	NA	NA	NA
Dvi_CPR_Uncharacterized_114	CPR_Uncharacterized_114	Dvi	Drosophila virilis	CPR	0.0	None	0.0	None	0.0	0.0	no_confident_CPAP_hit	low	no_confident_hit	no_ChtBD2_support	296	2	0	0	0	0	0	0	NA	NA	NA	NA	NA
Dvi_CPR_Uncharacterized_115	CPR_Uncharacterized_115	Dvi	Drosophila virilis	CPR	0.0	None	0.0	None	0.0	0.0	no_confident_CPAP_hit	low	no_confident_hit	no_ChtBD2_support	187	1	0	0	0	0	0	0	NA	NA	NA	NA	NA
Dvi_CPR_Uncharacterized_116	CPR_Uncharacterized_116	Dvi	Drosophila virilis	CPR	0.0	None	0.0	None	0.0	0.0	no_confident_CPAP_hit	low	no_confident_hit	no_ChtBD2_support	198	0	0	0	0	0	0	0	NA	NA	NA	NA	NA
Dvi_CPR_Uncharacterized_117	CPR_Uncharacterized_117	Dvi	Drosophila virilis	CPR	0.0	None	0.0	None	0.0	0.0	no_confident_CPAP_hit	low	no_confident_hit	no_ChtBD2_support	264	0	0	0	0	0	0	0	NA	NA	NA	NA	NA
Dvi_CPR_Uncharacterized_118	CPR_Uncharacterized_118	Dvi	Drosophila virilis	CPR	0.0	None	0.0	None	0.0	0.0	no_confident_CPAP_hit	low	no_confident_hit	no_ChtBD2_support	494	1	0	0	0	0	0	0	NA	NA	NA	NA	NA
Dvi_CPR_Uncharacterized_12	CPR_Uncharacterized_12	Dvi	Drosophila virilis	CPR	0.0	None	0.0	None	0.0	0.0	no_confident_CPAP_hit	low	no_confident_hit	no_ChtBD2_support	219	2	0	0	0	0	0	0	NA	NA	NA	NA	NA
Dvi_CPR_Uncharacterized_120	CPR_Uncharacterized_120	Dvi	Drosophila virilis	CPR	0.0	None	0.0	None	0.0	0.0	no_confident_CPAP_hit	low	no_confident_hit	no_ChtBD2_support	129	0	0	0	0	0	0	0	NA	NA	NA	NA	NA
Dvi_CPR_Uncharacterized_121	CPR_Uncharacterized_121	Dvi	Drosophila virilis	CPR	0.0	None	0.0	None	0.0	0.0	no_confident_CPAP_hit	low	no_confident_hit	no_ChtBD2_support	136	2	0	0	0	0	0	0	NA	NA	NA	NA	NA
Dvi_CPR_Uncharacterized_122	CPR_Uncharacterized_122	Dvi	Drosophila virilis	CPR	0.0	None	0.0	None	0.0	0.0	no_confident_CPAP_hit	low	no_confident_hit	no_ChtBD2_support	140	1	0	0	0	0	0	0	NA	NA	NA	NA	NA
Dvi_CPR_Uncharacterized_13	CPR_Uncharacterized_13	Dvi	Drosophila virilis	CPR	0.0	None	0.0	None	0.0	0.0	no_confident_CPAP_hit	low	no_confident_hit	no_ChtBD2_support	339	2	0	0	0	0	0	0	NA	NA	NA	NA	NA
Dvi_CPR_Uncharacterized_2	CPR_Uncharacterized_2	Dvi	Drosophila virilis	CPR	0.0	None	0.0	None	0.0	0.0	no_confident_CPAP_hit	low	no_confident_hit	no_ChtBD2_support	78	0	0	0	0	0	0	0	NA	NA	NA	NA	NA
Dvi_CPR_Uncharacterized_24	CPR_Uncharacterized_24	Dvi	Drosophila virilis	CPR	0.0	None	0.0	None	0.0	0.0	no_confident_CPAP_hit	low	no_confident_hit	no_ChtBD2_support	158	3	0	0	0	0	0	0	NA	NA	NA	NA	NA
Dvi_CPR_Uncharacterized_25	CPR_Uncharacterized_25	Dvi	Drosophila virilis	CPR	0.0	None	0.0	None	0.0	0.0	no_confident_CPAP_hit	low	no_confident_hit	no_ChtBD2_support	91	1	0	0	0	0	0	0	NA	NA	NA	NA	NA
Dvi_CPR_Uncharacterized_26	CPR_Uncharacterized_26	Dvi	Drosophila virilis	CPR	0.0	None	0.0	None	0.0	0.0	no_confident_CPAP_hit	low	no_confident_hit	no_ChtBD2_support	347	0	0	0	0	0	0	0	NA	NA	NA	NA	NA
Dvi_CPR_Uncharacterized_29	CPR_Uncharacterized_29	Dvi	Drosophila virilis	CPR	0.0	None	0.0	None	0.0	0.0	no_confident_CPAP_hit	low	no_confident_hit	no_ChtBD2_support	480	0	0	0	0	0	0	0	NA	NA	NA	NA	NA
Dvi_CPR_Uncharacterized_3	CPR_Uncharacterized_3	Dvi	Drosophila virilis	CPR	0.0	None	0.0	None	0.0	0.0	no_confident_CPAP_hit	low	no_confident_hit	no_ChtBD2_support	196	1	0	0	0	0	0	0	NA	NA	NA	NA	NA
Dvi_CPR_Uncharacterized_30	CPR_Uncharacterized_30	Dvi	Drosophila virilis	CPR	0.0	None	0.0	None	0.0	0.0	no_confident_CPAP_hit	low	no_confident_hit	no_ChtBD2_support	125	0	0	0	0	0	0	0	NA	NA	NA	NA	NA
Dvi_CPR_Uncharacterized_31	CPR_Uncharacterized_31	Dvi	Drosophila virilis	CPR	0.0	None	0.0	None	0.0	0.0	no_confident_CPAP_hit	low	no_confident_hit	no_ChtBD2_support	189	1	0	0	0	0	0	0	NA	NA	NA	NA	NA
Dvi_CPR_Uncharacterized_32	CPR_Uncharacterized_32	Dvi	Drosophila virilis	CPR	0.0	None	0.0	None	0.0	0.0	no_confident_CPAP_hit	low	no_confident_hit	no_ChtBD2_support	113	1	0	0	0	0	0	0	NA	NA	NA	NA	NA
Dvi_CPR_Uncharacterized_33	CPR_Uncharacterized_33	Dvi	Drosophila virilis	CPR	0.0	None	0.0	None	0.0	0.0	no_confident_CPAP_hit	low	no_confident_hit	no_ChtBD2_support	117	1	0	0	0	0	0	0	NA	NA	NA	NA	NA
Dvi_CPR_Uncharacterized_34	CPR_Uncharacterized_34	Dvi	Drosophila virilis	CPR	0.0	None	0.0	None	0.0	0.0	no_confident_CPAP_hit	low	no_confident_hit	no_ChtBD2_support	126	1	0	0	0	0	0	0	NA	NA	NA	NA	NA
Dvi_CPR_Uncharacterized_35	CPR_Uncharacterized_35	Dvi	Drosophila virilis	CPR	0.0	None	0.0	None	0.0	0.0	no_confident_CPAP_hit	low	no_confident_hit	no_ChtBD2_support	131	0	0	0	0	0	0	0	NA	NA	NA	NA	NA
Dvi_CPR_Uncharacterized_36	CPR_Uncharacterized_36	Dvi	Drosophila virilis	CPR	0.0	None	0.0	None	0.0	0.0	no_confident_CPAP_hit	low	no_confident_hit	no_ChtBD2_support	166	1	0	0	0	0	0	0	NA	NA	NA	NA	NA
Dvi_CPR_Uncharacterized_37	CPR_Uncharacterized_37	Dvi	Drosophila virilis	CPR	0.0	None	0.0	None	0.0	0.0	no_confident_CPAP_hit	low	no_confident_hit	no_ChtBD2_support	125	0	0	0	0	0	0	0	NA	NA	NA	NA	NA
Dvi_CPR_Uncharacterized_38	CPR_Uncharacterized_38	Dvi	Drosophila virilis	CPR	0.0	None	0.0	None	0.0	0.0	no_confident_CPAP_hit	low	no_confident_hit	no_ChtBD2_support	215	2	0	0	0	0	0	0	NA	NA	NA	NA	NA
Dvi_CPR_Uncharacterized_39	CPR_Uncharacterized_39	Dvi	Drosophila virilis	CPR	0.0	None	0.0	None	0.0	0.0	no_confident_CPAP_hit	low	no_confident_hit	no_ChtBD2_support	190	1	0	0	0	0	0	0	NA	NA	NA	NA	NA
Dvi_CPR_Uncharacterized_4	CPR_Uncharacterized_4	Dvi	Drosophila virilis	CPR	0.0	None	0.0	None	0.0	0.0	no_confident_CPAP_hit	low	no_confident_hit	no_ChtBD2_support	125	0	0	0	0	0	0	0	NA	NA	NA	NA	NA
Dvi_CPR_Uncharacterized_40	CPR_Uncharacterized_40	Dvi	Drosophila virilis	CPR	0.0	None	0.0	None	0.0	0.0	no_confident_CPAP_hit	low	no_confident_hit	no_ChtBD2_support	133	2	0	0	0	0	0	0	NA	NA	NA	NA	NA
Dvi_CPR_Uncharacterized_41	CPR_Uncharacterized_41	Dvi	Drosophila virilis	CPR	0.0	None	0.0	None	0.0	0.0	no_confident_CPAP_hit	low	no_confident_hit	no_ChtBD2_support	126	1	0	0	0	0	0	0	NA	NA	NA	NA	NA
Dvi_CPR_Uncharacterized_42	CPR_Uncharacterized_42	Dvi	Drosophila virilis	CPR	0.0	None	0.0	None	0.0	0.0	no_confident_CPAP_hit	low	no_confident_hit	no_ChtBD2_support	89	0	0	0	0	0	0	0	NA	NA	NA	NA	NA
Dvi_CPR_Uncharacterized_43	CPR_Uncharacterized_43	Dvi	Drosophila virilis	CPR	0.0	None	0.0	None	0.0	0.0	no_confident_CPAP_hit	low	no_confident_hit	no_ChtBD2_support	131	3	0	0	0	0	0	0	NA	NA	NA	NA	NA
Dvi_CPR_Uncharacterized_44	CPR_Uncharacterized_44	Dvi	Drosophila virilis	CPR	0.0	None	0.0	None	0.0	0.0	no_confident_CPAP_hit	low	no_confident_hit	no_ChtBD2_support	207	0	0	0	0	0	0	0	NA	NA	NA	NA	NA
Dvi_CPR_Uncharacterized_46	CPR_Uncharacterized_46	Dvi	Drosophila virilis	CPR	0.0	None	0.0	None	0.0	0.0	no_confident_CPAP_hit	low	no_confident_hit	no_ChtBD2_support	238	0	0	0	0	0	0	0	NA	NA	NA	NA	NA
Dvi_CPR_Uncharacterized_47	CPR_Uncharacterized_47	Dvi	Drosophila virilis	CPR	0.0	None	0.0	None	0.0	0.0	no_confident_CPAP_hit	low	no_confident_hit	no_ChtBD2_support	131	1	0	0	0	0	0	0	NA	NA	NA	NA	NA
Dvi_CPR_Uncharacterized_49	CPR_Uncharacterized_49	Dvi	Drosophila virilis	CPR	0.0	None	0.0	None	0.0	0.0	no_confident_CPAP_hit	low	no_confident_hit	no_ChtBD2_support	171	0	0	0	0	0	0	0	NA	NA	NA	NA	NA
Dvi_CPR_Uncharacterized_5	CPR_Uncharacterized_5	Dvi	Drosophila virilis	CPR	0.0	None	0.0	None	0.0	0.0	no_confident_CPAP_hit	low	no_confident_hit	no_ChtBD2_support	145	3	0	0	0	0	0	0	NA	NA	NA	NA	NA
Dvi_CPR_Uncharacterized_50	CPR_Uncharacterized_50	Dvi	Drosophila virilis	CPR	0.0	None	0.0	None	0.0	0.0	no_confident_CPAP_hit	low	no_confident_hit	no_ChtBD2_support	112	0	0	0	0	0	0	0	NA	NA	NA	NA	NA
Dvi_CPR_Uncharacterized_51	CPR_Uncharacterized_51	Dvi	Drosophila virilis	CPR	0.0	None	0.0	None	0.0	0.0	no_confident_CPAP_hit	low	no_confident_hit	no_ChtBD2_support	251	0	0	0	0	0	0	0	NA	NA	NA	NA	NA
Dvi_CPR_Uncharacterized_52	CPR_Uncharacterized_52	Dvi	Drosophila virilis	CPR	0.0	None	0.0	None	0.0	0.0	no_confident_CPAP_hit	low	no_confident_hit	no_ChtBD2_support	176	1	0	0	0	0	0	0	NA	NA	NA	NA	NA
Dvi_CPR_Uncharacterized_54	CPR_Uncharacterized_54	Dvi	Drosophila virilis	CPR	0.0	None	0.0	None	0.0	0.0	no_confident_CPAP_hit	low	no_confident_hit	no_ChtBD2_support	321	3	0	0	0	0	0	0	NA	NA	NA	NA	NA
Dvi_CPR_Uncharacterized_55	CPR_Uncharacterized_55	Dvi	Drosophila virilis	CPR	0.0	None	0.0	None	0.0	0.0	no_confident_CPAP_hit	low	no_confident_hit	no_ChtBD2_support	101	2	0	0	0	0	0	0	NA	NA	NA	NA	NA
Dvi_CPR_Uncharacterized_56	CPR_Uncharacterized_56	Dvi	Drosophila virilis	CPR	0.0	None	0.0	None	0.0	0.0	no_confident_CPAP_hit	low	no_confident_hit	no_ChtBD2_support	146	0	0	0	0	0	0	0	NA	NA	NA	NA	NA
Dvi_CPR_Uncharacterized_57	CPR_Uncharacterized_57	Dvi	Drosophila virilis	CPR	0.0	None	0.0	None	0.0	0.0	no_confident_CPAP_hit	low	no_confident_hit	no_ChtBD2_support	149	1	0	0	0	0	0	0	NA	NA	NA	NA	NA
Dvi_CPR_Uncharacterized_60	CPR_Uncharacterized_60	Dvi	Drosophila virilis	CPR	0.0	None	0.0	None	0.0	0.0	no_confident_CPAP_hit	low	no_confident_hit	no_ChtBD2_support	115	0	0	0	0	0	0	0	NA	NA	NA	NA	NA
Dvi_CPR_Uncharacterized_62	CPR_Uncharacterized_62	Dvi	Drosophila virilis	CPR	0.0	None	0.0	None	0.0	0.0	no_confident_CPAP_hit	low	no_confident_hit	no_ChtBD2_support	256	0	0	0	0	0	0	0	NA	NA	NA	NA	NA
Dvi_CPR_Uncharacterized_63	CPR_Uncharacterized_63	Dvi	Drosophila virilis	CPR	0.0	None	0.0	None	0.0	0.0	no_confident_CPAP_hit	low	no_confident_hit	no_ChtBD2_support	233	0	0	0	0	0	0	0	NA	NA	NA	NA	NA
Dvi_CPR_Uncharacterized_64	CPR_Uncharacterized_64	Dvi	Drosophila virilis	CPR	0.0	None	0.0	None	0.0	0.0	no_confident_CPAP_hit	low	no_confident_hit	no_ChtBD2_support	202	0	0	0	0	0	0	0	NA	NA	NA	NA	NA
Dvi_CPR_Uncharacterized_65	CPR_Uncharacterized_65	Dvi	Drosophila virilis	CPR	0.0	None	0.0	None	0.0	0.0	no_confident_CPAP_hit	low	no_confident_hit	no_ChtBD2_support	200	0	0	0	0	0	0	0	NA	NA	NA	NA	NA
Dvi_CPR_Uncharacterized_66	CPR_Uncharacterized_66	Dvi	Drosophila virilis	CPR	0.0	None	0.0	None	0.0	0.0	no_confident_CPAP_hit	low	no_confident_hit	no_ChtBD2_support	175	0	0	0	0	0	0	0	NA	NA	NA	NA	NA
Dvi_CPR_Uncharacterized_67	CPR_Uncharacterized_67	Dvi	Drosophila virilis	CPR	0.0	None	0.0	None	0.0	0.0	no_confident_CPAP_hit	low	no_confident_hit	no_ChtBD2_support	173	0	0	0	0	0	0	0	NA	NA	NA	NA	NA
Dvi_CPR_Uncharacterized_68	CPR_Uncharacterized_68	Dvi	Drosophila virilis	CPR	0.0	None	0.0	None	0.0	0.0	no_confident_CPAP_hit	low	no_confident_hit	no_ChtBD2_support	155	0	0	0	0	0	0	0	NA	NA	NA	NA	NA
Dvi_CPR_Uncharacterized_69	CPR_Uncharacterized_69	Dvi	Drosophila virilis	CPR	0.0	None	0.0	None	0.0	0.0	no_confident_CPAP_hit	low	no_confident_hit	no_ChtBD2_support	175	1	0	0	0	0	0	0	NA	NA	NA	NA	NA
Dvi_CPR_Uncharacterized_7	CPR_Uncharacterized_7	Dvi	Drosophila virilis	CPR	0.0	None	0.0	None	0.0	0.0	no_confident_CPAP_hit	low	no_confident_hit	no_ChtBD2_support	375	1	0	0	0	0	0	0	NA	NA	NA	NA	NA
Dvi_CPR_Uncharacterized_70	CPR_Uncharacterized_70	Dvi	Drosophila virilis	CPR	0.0	None	0.0	None	0.0	0.0	no_confident_CPAP_hit	low	no_confident_hit	no_ChtBD2_support	174	0	0	0	0	0	0	0	NA	NA	NA	NA	NA
Dvi_CPR_Uncharacterized_71	CPR_Uncharacterized_71	Dvi	Drosophila virilis	CPR	0.0	None	0.0	None	0.0	0.0	no_confident_CPAP_hit	low	no_confident_hit	no_ChtBD2_support	236	0	0	0	0	0	0	0	NA	NA	NA	NA	NA
Dvi_CPR_Uncharacterized_72	CPR_Uncharacterized_72	Dvi	Drosophila virilis	CPR	0.0	None	0.0	None	0.0	0.0	no_confident_CPAP_hit	low	no_confident_hit	no_ChtBD2_support	243	0	0	0	0	0	0	0	NA	NA	NA	NA	NA
Dvi_CPR_Uncharacterized_73	CPR_Uncharacterized_73	Dvi	Drosophila virilis	CPR	0.0	None	0.0	None	0.0	0.0	no_confident_CPAP_hit	low	no_confident_hit	no_ChtBD2_support	236	0	0	0	0	0	0	0	NA	NA	NA	NA	NA
Dvi_CPR_Uncharacterized_74	CPR_Uncharacterized_74	Dvi	Drosophila virilis	CPR	0.0	None	0.0	None	0.0	0.0	no_confident_CPAP_hit	low	no_confident_hit	no_ChtBD2_support	296	0	0	0	0	0	0	0	NA	NA	NA	NA	NA
Dvi_CPR_Uncharacterized_75	CPR_Uncharacterized_75	Dvi	Drosophila virilis	CPR	0.0	None	0.0	None	0.0	0.0	no_confident_CPAP_hit	low	no_confident_hit	no_ChtBD2_support	237	0	0	0	0	0	0	0	NA	NA	NA	NA	NA
Dvi_CPR_Uncharacterized_76	CPR_Uncharacterized_76	Dvi	Drosophila virilis	CPR	0.0	None	0.0	None	0.0	0.0	no_confident_CPAP_hit	low	no_confident_hit	no_ChtBD2_support	107	2	0	0	0	0	0	0	NA	NA	NA	NA	NA
Dvi_CPR_Uncharacterized_77	CPR_Uncharacterized_77	Dvi	Drosophila virilis	CPR	0.0	None	0.0	None	0.0	0.0	no_confident_CPAP_hit	low	no_confident_hit	no_ChtBD2_support	111	2	0	0	0	0	0	0	NA	NA	NA	NA	NA
Dvi_CPR_Uncharacterized_78	CPR_Uncharacterized_78	Dvi	Drosophila virilis	CPR	0.0	None	0.0	None	0.0	0.0	no_confident_CPAP_hit	low	no_confident_hit	no_ChtBD2_support	138	0	0	0	0	0	0	0	NA	NA	NA	NA	NA
Dvi_CPR_Uncharacterized_79	CPR_Uncharacterized_79	Dvi	Drosophila virilis	CPR	0.0	None	0.0	None	0.0	0.0	no_confident_CPAP_hit	low	no_confident_hit	no_ChtBD2_support	110	1	0	0	0	0	0	0	NA	NA	NA	NA	NA
Dvi_CPR_Uncharacterized_80	CPR_Uncharacterized_80	Dvi	Drosophila virilis	CPR	0.0	None	0.0	None	0.0	0.0	no_confident_CPAP_hit	low	no_confident_hit	no_ChtBD2_support	105	0	0	0	0	0	0	0	NA	NA	NA	NA	NA
Dvi_CPR_Uncharacterized_81	CPR_Uncharacterized_81	Dvi	Drosophila virilis	CPR	0.0	None	0.0	None	0.0	0.0	no_confident_CPAP_hit	low	no_confident_hit	no_ChtBD2_support	110	0	0	0	0	0	0	0	NA	NA	NA	NA	NA
Dvi_CPR_Uncharacterized_82	CPR_Uncharacterized_82	Dvi	Drosophila virilis	CPR	0.0	None	0.0	None	0.0	0.0	no_confident_CPAP_hit	low	no_confident_hit	no_ChtBD2_support	102	1	0	0	0	0	0	0	NA	NA	NA	NA	NA
Dvi_CPR_Uncharacterized_83	CPR_Uncharacterized_83	Dvi	Drosophila virilis	CPR	0.0	None	0.0	None	0.0	0.0	no_confident_CPAP_hit	low	no_confident_hit	no_ChtBD2_support	105	0	0	0	0	0	0	0	NA	NA	NA	NA	NA
Dvi_CPR_Uncharacterized_84	CPR_Uncharacterized_84	Dvi	Drosophila virilis	CPR	0.0	None	0.0	None	0.0	0.0	no_confident_CPAP_hit	low	no_confident_hit	no_ChtBD2_support	102	3	0	0	0	0	0	0	NA	NA	NA	NA	NA
Dvi_CPR_Uncharacterized_85	CPR_Uncharacterized_85	Dvi	Drosophila virilis	CPR	0.0	None	0.0	None	0.0	0.0	no_confident_CPAP_hit	low	no_confident_hit	no_ChtBD2_support	101	2	0	0	0	0	0	0	NA	NA	NA	NA	NA
Dvi_CPR_Uncharacterized_86	CPR_Uncharacterized_86	Dvi	Drosophila virilis	CPR	0.0	None	0.0	None	0.0	0.0	no_confident_CPAP_hit	low	no_confident_hit	no_ChtBD2_support	106	0	0	0	0	0	0	0	NA	NA	NA	NA	NA
Dvi_CPR_Uncharacterized_87	CPR_Uncharacterized_87	Dvi	Drosophila virilis	CPR	0.0	None	0.0	None	0.0	0.0	no_confident_CPAP_hit	low	no_confident_hit	no_ChtBD2_support	120	0	0	0	0	0	0	0	NA	NA	NA	NA	NA
Dvi_CPR_Uncharacterized_88	CPR_Uncharacterized_88	Dvi	Drosophila virilis	CPR	0.0	None	0.0	None	0.0	0.0	no_confident_CPAP_hit	low	no_confident_hit	no_ChtBD2_support	273	4	0	0	0	0	0	0	NA	NA	NA	NA	NA
Dvi_CPR_Uncharacterized_89	CPR_Uncharacterized_89	Dvi	Drosophila virilis	CPR	0.0	None	0.0	None	0.0	0.0	no_confident_CPAP_hit	low	no_confident_hit	no_ChtBD2_support	105	0	0	0	0	0	0	0	NA	NA	NA	NA	NA
Dvi_CPR_Uncharacterized_90	CPR_Uncharacterized_90	Dvi	Drosophila virilis	CPR	0.0	None	0.0	None	0.0	0.0	no_confident_CPAP_hit	low	no_confident_hit	no_ChtBD2_support	103	0	0	0	0	0	0	0	NA	NA	NA	NA	NA
Dvi_CPR_Uncharacterized_91	CPR_Uncharacterized_91	Dvi	Drosophila virilis	CPR	0.0	None	0.0	None	0.0	0.0	no_confident_CPAP_hit	low	no_confident_hit	no_ChtBD2_support	247	0	0	0	0	0	0	0	NA	NA	NA	NA	NA
Dvi_CPR_Uncharacterized_92	CPR_Uncharacterized_92	Dvi	Drosophila virilis	CPR	0.0	None	0.0	None	0.0	0.0	no_confident_CPAP_hit	low	no_confident_hit	no_ChtBD2_support	225	2	0	0	0	0	0	0	NA	NA	NA	NA	NA
Dvi_CPR_Uncharacterized_93	CPR_Uncharacterized_93	Dvi	Drosophila virilis	CPR	0.0	None	0.0	None	0.0	0.0	no_confident_CPAP_hit	low	no_confident_hit	no_ChtBD2_support	302	1	0	0	0	0	0	0	NA	NA	NA	NA	NA
Dvi_CPR_Uncharacterized_94	CPR_Uncharacterized_94	Dvi	Drosophila virilis	CPR	0.0	None	0.0	None	0.0	0.0	no_confident_CPAP_hit	low	no_confident_hit	no_ChtBD2_support	182	0	0	0	0	0	0	0	NA	NA	NA	NA	NA
Dvi_CPR_Uncharacterized_95	CPR_Uncharacterized_95	Dvi	Drosophila virilis	CPR	0.0	None	0.0	None	0.0	0.0	no_confident_CPAP_hit	low	no_confident_hit	no_ChtBD2_support	119	2	0	0	0	0	0	0	NA	NA	NA	NA	NA
Dvi_CPR_Uncharacterized_96	CPR_Uncharacterized_96	Dvi	Drosophila virilis	CPR	0.0	None	0.0	None	0.0	0.0	no_confident_CPAP_hit	low	no_confident_hit	no_ChtBD2_support	178	1	0	0	0	0	0	0	NA	NA	NA	NA	NA
Dvi_CPR_Uncharacterized_97	CPR_Uncharacterized_97	Dvi	Drosophila virilis	CPR	0.0	None	0.0	None	0.0	0.0	no_confident_CPAP_hit	low	no_confident_hit	no_ChtBD2_support	250	0	0	0	0	0	0	0	NA	NA	NA	NA	NA
Dvi_CPR_Uncharacterized_98	CPR_Uncharacterized_98	Dvi	Drosophila virilis	CPR	0.0	None	0.0	None	0.0	0.0	no_confident_CPAP_hit	low	no_confident_hit	no_ChtBD2_support	178	1	0	0	0	0	0	0	NA	NA	NA	NA	NA
Dvi_CPR_Uncharacterized_99	CPR_Uncharacterized_99	Dvi	Drosophila virilis	CPR	0.0	None	0.0	None	0.0	0.0	no_confident_CPAP_hit	low	no_confident_hit	no_ChtBD2_support	70	1	0	0	0	0	0	0	NA	NA	NA	NA	NA
Dvi_CPR_Uncharacterized_A	CPR_Uncharacterized_A	Dvi	Drosophila virilis	CPR	0.0	None	0.0	None	0.0	0.0	no_confident_CPAP_hit	low	no_confident_hit	no_ChtBD2_support	217	3	0	0	0	0	0	0	NA	NA	NA	NA	NA
Dvi_CPR_Uncharacterized_B	CPR_Uncharacterized_B	Dvi	Drosophila virilis	CPR	0.0	None	0.0	None	0.0	0.0	no_confident_CPAP_hit	low	no_confident_hit	no_ChtBD2_support	90	1	0	0	0	0	0	0	NA	NA	NA	NA	NA
Dvi_CPR_Uncharacterized_C	CPR_Uncharacterized_C	Dvi	Drosophila virilis	CPR	0.0	None	0.0	None	0.0	0.0	no_confident_CPAP_hit	low	no_confident_hit	no_ChtBD2_support	105	3	0	0	0	0	0	0	NA	NA	NA	NA	NA
Dvi_Tweedle1	Tweedle1	Dvi	Drosophila virilis	Tweedle	0.0	None	0.0	None	0.0	0.0	no_confident_CPAP_hit	low	no_confident_hit	no_ChtBD2_support	215	1	0	0	0	0	0	0	NA	NA	NA	NA	NA
Dvi_Tweedle10	Tweedle10	Dvi	Drosophila virilis	Tweedle	0.0	None	0.0	None	0.0	0.0	no_confident_CPAP_hit	low	no_confident_hit	no_ChtBD2_support	297	3	0	0	0	0	0	0	NA	NA	NA	NA	NA
Dvi_Tweedle12	Tweedle12	Dvi	Drosophila virilis	Tweedle	0.0	None	0.0	None	0.0	0.0	no_confident_CPAP_hit	low	no_confident_hit	no_ChtBD2_support	284	3	0	0	0	0	0	0	NA	NA	NA	NA	NA
Dvi_Tweedle13	Tweedle13	Dvi	Drosophila virilis	Tweedle	0.0	None	0.0	None	0.0	0.0	no_confident_CPAP_hit	low	no_confident_hit	no_ChtBD2_support	230	2	0	0	0	0	0	0	NA	NA	NA	NA	NA
Dvi_Tweedle14	Tweedle14	Dvi	Drosophila virilis	Tweedle	0.0	None	0.0	None	0.0	0.0	no_confident_CPAP_hit	low	no_confident_hit	no_ChtBD2_support	333	2	0	0	0	0	0	0	NA	NA	NA	NA	NA
Dvi_Tweedle15	Tweedle15	Dvi	Drosophila virilis	Tweedle	0.0	None	0.0	None	0.0	0.0	no_confident_CPAP_hit	low	no_confident_hit	no_ChtBD2_support	257	2	0	0	0	0	0	0	NA	NA	NA	NA	NA
Dvi_Tweedle16	Tweedle16	Dvi	Drosophila virilis	Tweedle	0.0	None	0.0	None	0.0	0.0	no_confident_CPAP_hit	low	no_confident_hit	no_ChtBD2_support	226	1	0	0	0	0	0	0	NA	NA	NA	NA	NA
Dvi_Tweedle17	Tweedle17	Dvi	Drosophila virilis	Tweedle	0.0	None	0.0	None	0.0	0.0	no_confident_CPAP_hit	low	no_confident_hit	no_ChtBD2_support	265	2	0	0	0	0	0	0	NA	NA	NA	NA	NA
Dvi_Tweedle18	Tweedle18	Dvi	Drosophila virilis	Tweedle	0.0	None	0.0	None	0.0	0.0	no_confident_CPAP_hit	low	no_confident_hit	no_ChtBD2_support	300	0	0	0	0	0	0	0	NA	NA	NA	NA	NA
Dvi_Tweedle19	Tweedle19	Dvi	Drosophila virilis	Tweedle	0.0	None	0.0	None	0.0	0.0	no_confident_CPAP_hit	low	no_confident_hit	no_ChtBD2_support	197	0	0	0	0	0	0	0	NA	NA	NA	NA	NA
Dvi_Tweedle2	Tweedle2	Dvi	Drosophila virilis	Tweedle	0.0	None	0.0	None	0.0	0.0	no_confident_CPAP_hit	low	no_confident_hit	no_ChtBD2_support	326	0	0	0	0	0	0	0	NA	NA	NA	NA	NA
Dvi_Tweedle20	Tweedle20	Dvi	Drosophila virilis	Tweedle	0.0	None	0.0	None	0.0	0.0	no_confident_CPAP_hit	low	no_confident_hit	no_ChtBD2_support	190	0	0	0	0	0	0	0	NA	NA	NA	NA	NA
Dvi_Tweedle21	Tweedle21	Dvi	Drosophila virilis	Tweedle	0.0	None	0.0	None	0.0	0.0	no_confident_CPAP_hit	low	no_confident_hit	no_ChtBD2_support	387	2	0	0	0	0	0	0	NA	NA	NA	NA	NA
Dvi_Tweedle22	Tweedle22	Dvi	Drosophila virilis	Tweedle	0.0	None	0.0	None	0.0	0.0	no_confident_CPAP_hit	low	no_confident_hit	no_ChtBD2_support	224	0	0	0	0	0	0	0	NA	NA	NA	NA	NA
Dvi_Tweedle23	Tweedle23	Dvi	Drosophila virilis	Tweedle	0.0	None	0.0	None	0.0	0.0	no_confident_CPAP_hit	low	no_confident_hit	no_ChtBD2_support	200	1	0	0	0	0	0	0	NA	NA	NA	NA	NA
Dvi_Tweedle24	Tweedle24	Dvi	Drosophila virilis	Tweedle	0.0	None	0.0	None	0.0	0.0	no_confident_CPAP_hit	low	no_confident_hit	no_ChtBD2_support	363	1	0	0	0	0	0	0	NA	NA	NA	NA	NA
Dvi_Tweedle25	Tweedle25	Dvi	Drosophila virilis	Tweedle	0.0	None	0.0	None	0.0	0.0	no_confident_CPAP_hit	low	no_confident_hit	no_ChtBD2_support	283	1	0	0	0	0	0	0	NA	NA	NA	NA	NA
Dvi_Tweedle26	Tweedle26	Dvi	Drosophila virilis	Tweedle	0.0	None	0.0	None	0.0	0.0	no_confident_CPAP_hit	low	no_confident_hit	no_ChtBD2_support	369	1	0	0	0	0	0	0	NA	NA	NA	NA	NA
Dvi_Tweedle3	Tweedle3	Dvi	Drosophila virilis	Tweedle	0.0	None	0.0	None	0.0	0.0	no_confident_CPAP_hit	low	no_confident_hit	no_ChtBD2_support	281	1	0	0	0	0	0	0	NA	NA	NA	NA	NA
Dvi_Tweedle4	Tweedle4	Dvi	Drosophila virilis	Tweedle	13.3	0.0052	0.0	None	13.3	13.3	no_confident_CPAP_hit	low	no_confident_hit	no_ChtBD2_support	264	1	0	0	0	0	0	0	NA	NA	NA	NA	NA
Dvi_Tweedle5	Tweedle5	Dvi	Drosophila virilis	Tweedle	0.0	None	0.0	None	0.0	0.0	no_confident_CPAP_hit	low	no_confident_hit	no_ChtBD2_support	274	1	0	0	0	0	0	0	NA	NA	NA	NA	NA
Dvi_Tweedle6	Tweedle6	Dvi	Drosophila virilis	Tweedle	0.0	None	0.0	None	0.0	0.0	no_confident_CPAP_hit	low	no_confident_hit	no_ChtBD2_support	250	0	0	0	0	0	0	0	NA	NA	NA	NA	NA
Dvi_Tweedle7	Tweedle7	Dvi	Drosophila virilis	Tweedle	0.0	None	0.0	None	0.0	0.0	no_confident_CPAP_hit	low	no_confident_hit	no_ChtBD2_support	255	2	0	0	0	0	0	0	NA	NA	NA	NA	NA
Dvi_Tweedle8	Tweedle8	Dvi	Drosophila virilis	Tweedle	0.0	None	0.0	None	0.0	0.0	no_confident_CPAP_hit	low	no_confident_hit	no_ChtBD2_support	219	2	0	0	0	0	0	0	NA	NA	NA	NA	NA
Dvi_Tweedle9	Tweedle9	Dvi	Drosophila virilis	Tweedle	0.0	None	0.0	None	0.0	0.0	no_confident_CPAP_hit	low	no_confident_hit	no_ChtBD2_support	232	1	0	0	0	0	0	0	NA	NA	NA	NA	NA
Dwi_CPF1	CPF1	Dwi	Drosophila willistoni	CPF	0.0	None	0.0	None	0.0	0.0	no_confident_CPAP_hit	low	no_confident_hit	no_ChtBD2_support	146	0	0	0	0	0	0	0	NA	NA	NA	NA	NA
Dwi_CPF2	CPF2	Dwi	Drosophila willistoni	CPF	0.0	None	0.0	None	0.0	0.0	no_confident_CPAP_hit	low	no_confident_hit	no_ChtBD2_support	252	0	0	0	0	0	0	0	NA	NA	NA	NA	NA
Dwi_CPF3	CPF3	Dwi	Drosophila willistoni	CPF	0.0	None	0.0	None	0.0	0.0	no_confident_CPAP_hit	low	no_confident_hit	no_ChtBD2_support	195	0	0	0	0	0	0	0	NA	NA	NA	NA	NA
Dwi_CPLCG1	CPLCG1	Dwi	Drosophila willistoni	CPLCG	0.0	None	0.0	None	0.0	0.0	no_confident_CPAP_hit	low	no_confident_hit	no_ChtBD2_support	144	0	0	0	0	0	0	0	NA	NA	NA	NA	NA
Dwi_CPLCG2	CPLCG2	Dwi	Drosophila willistoni	CPLCG	0.0	None	0.0	None	0.0	0.0	no_confident_CPAP_hit	low	no_confident_hit	no_ChtBD2_support	137	1	0	0	0	0	0	0	NA	NA	NA	NA	NA
Dwi_CPLCG3	CPLCG3	Dwi	Drosophila willistoni	CPLCG	0.0	None	0.0	None	0.0	0.0	no_confident_CPAP_hit	low	no_confident_hit	no_ChtBD2_support	135	0	0	0	0	0	0	0	NA	NA	NA	NA	NA
Dwi_CPR_Uncharacterized_10	CPR_Uncharacterized_10	Dwi	Drosophila willistoni	CPR	0.0	None	0.0	None	0.0	0.0	no_confident_CPAP_hit	low	no_confident_hit	no_ChtBD2_support	183	1	0	0	0	0	0	0	NA	NA	NA	NA	NA
Dwi_CPR_Uncharacterized_100	CPR_Uncharacterized_100	Dwi	Drosophila willistoni	CPR	0.0	None	0.0	None	0.0	0.0	no_confident_CPAP_hit	low	no_confident_hit	no_ChtBD2_support	127	0	0	0	0	0	0	0	NA	NA	NA	NA	NA
Dwi_CPR_Uncharacterized_101	CPR_Uncharacterized_101	Dwi	Drosophila willistoni	CPR	0.0	None	0.0	None	0.0	0.0	no_confident_CPAP_hit	low	no_confident_hit	no_ChtBD2_support	71	0	0	0	0	0	0	0	NA	NA	NA	NA	NA
Dwi_CPR_Uncharacterized_103	CPR_Uncharacterized_103	Dwi	Drosophila willistoni	CPR	0.0	None	0.0	None	0.0	0.0	no_confident_CPAP_hit	low	no_confident_hit	no_ChtBD2_support	112	0	0	0	0	0	0	0	NA	NA	NA	NA	NA
Dwi_CPR_Uncharacterized_104	CPR_Uncharacterized_104	Dwi	Drosophila willistoni	CPR	0.0	None	0.0	None	0.0	0.0	no_confident_CPAP_hit	low	no_confident_hit	no_ChtBD2_support	140	1	0	0	0	0	0	0	NA	NA	NA	NA	NA
Dwi_CPR_Uncharacterized_106	CPR_Uncharacterized_106	Dwi	Drosophila willistoni	CPR	0.0	None	0.0	None	0.0	0.0	no_confident_CPAP_hit	low	no_confident_hit	no_ChtBD2_support	235	1	0	0	0	0	0	0	NA	NA	NA	NA	NA
Dwi_CPR_Uncharacterized_107	CPR_Uncharacterized_107	Dwi	Drosophila willistoni	CPR	0.0	None	0.0	None	0.0	0.0	no_confident_CPAP_hit	low	no_confident_hit	no_ChtBD2_support	275	1	0	0	0	0	0	0	NA	NA	NA	NA	NA
Dwi_CPR_Uncharacterized_108	CPR_Uncharacterized_108	Dwi	Drosophila willistoni	CPR	0.0	None	0.0	None	0.0	0.0	no_confident_CPAP_hit	low	no_confident_hit	no_ChtBD2_support	99	0	0	0	0	0	0	0	NA	NA	NA	NA	NA
Dwi_CPR_Uncharacterized_109	CPR_Uncharacterized_109	Dwi	Drosophila willistoni	CPR	0.0	None	0.0	None	0.0	0.0	no_confident_CPAP_hit	low	no_confident_hit	no_ChtBD2_support	190	1	0	0	0	0	0	0	NA	NA	NA	NA	NA
Dwi_CPR_Uncharacterized_11	CPR_Uncharacterized_11	Dwi	Drosophila willistoni	CPR	0.0	None	0.0	None	0.0	0.0	no_confident_CPAP_hit	low	no_confident_hit	no_ChtBD2_support	137	1	0	0	0	0	0	0	NA	NA	NA	NA	NA
Dwi_CPR_Uncharacterized_110	CPR_Uncharacterized_110	Dwi	Drosophila willistoni	CPR	0.0	None	0.0	None	0.0	0.0	no_confident_CPAP_hit	low	no_confident_hit	no_ChtBD2_support	151	0	0	0	0	0	0	0	NA	NA	NA	NA	NA
Dwi_CPR_Uncharacterized_111	CPR_Uncharacterized_111	Dwi	Drosophila willistoni	CPR	0.0	None	0.0	None	0.0	0.0	no_confident_CPAP_hit	low	no_confident_hit	no_ChtBD2_support	198	0	0	0	0	0	0	0	NA	NA	NA	NA	NA
Dwi_CPR_Uncharacterized_112	CPR_Uncharacterized_112	Dwi	Drosophila willistoni	CPR	0.0	None	0.0	None	0.0	0.0	no_confident_CPAP_hit	low	no_confident_hit	no_ChtBD2_support	219	0	0	0	0	0	0	0	NA	NA	NA	NA	NA
Dwi_CPR_Uncharacterized_113	CPR_Uncharacterized_113	Dwi	Drosophila willistoni	CPR	0.0	None	0.0	None	0.0	0.0	no_confident_CPAP_hit	low	no_confident_hit	no_ChtBD2_support	219	0	0	0	0	0	0	0	NA	NA	NA	NA	NA
Dwi_CPR_Uncharacterized_114	CPR_Uncharacterized_114	Dwi	Drosophila willistoni	CPR	0.0	None	0.0	None	0.0	0.0	no_confident_CPAP_hit	low	no_confident_hit	no_ChtBD2_support	220	1	0	0	0	0	0	0	NA	NA	NA	NA	NA
Dwi_CPR_Uncharacterized_115	CPR_Uncharacterized_115	Dwi	Drosophila willistoni	CPR	0.0	None	0.0	None	0.0	0.0	no_confident_CPAP_hit	low	no_confident_hit	no_ChtBD2_support	179	0	0	0	0	0	0	0	NA	NA	NA	NA	NA
Dwi_CPR_Uncharacterized_116	CPR_Uncharacterized_116	Dwi	Drosophila willistoni	CPR	0.0	None	0.0	None	0.0	0.0	no_confident_CPAP_hit	low	no_confident_hit	no_ChtBD2_support	228	0	0	0	0	0	0	0	NA	NA	NA	NA	NA
Dwi_CPR_Uncharacterized_12	CPR_Uncharacterized_12	Dwi	Drosophila willistoni	CPR	0.0	None	0.0	None	0.0	0.0	no_confident_CPAP_hit	low	no_confident_hit	no_ChtBD2_support	246	0	0	0	0	0	0	0	NA	NA	NA	NA	NA
Dwi_CPR_Uncharacterized_121	CPR_Uncharacterized_121	Dwi	Drosophila willistoni	CPR	0.0	None	0.0	None	0.0	0.0	no_confident_CPAP_hit	low	no_confident_hit	no_ChtBD2_support	232	0	0	0	0	0	0	0	NA	NA	NA	NA	NA
Dwi_CPR_Uncharacterized_122	CPR_Uncharacterized_122	Dwi	Drosophila willistoni	CPR	0.0	None	0.0	None	0.0	0.0	no_confident_CPAP_hit	low	no_confident_hit	no_ChtBD2_support	235	1	0	0	0	0	0	0	NA	NA	NA	NA	NA
Dwi_CPR_Uncharacterized_123	CPR_Uncharacterized_123	Dwi	Drosophila willistoni	CPR	0.0	None	0.0	None	0.0	0.0	no_confident_CPAP_hit	low	no_confident_hit	no_ChtBD2_support	350	0	0	0	0	0	0	0	NA	NA	NA	NA	NA
Dwi_CPR_Uncharacterized_124	CPR_Uncharacterized_124	Dwi	Drosophila willistoni	CPR	0.0	None	0.0	None	0.0	0.0	no_confident_CPAP_hit	low	no_confident_hit	no_ChtBD2_support	133	2	0	0	0	0	0	0	NA	NA	NA	NA	NA
Dwi_CPR_Uncharacterized_126	CPR_Uncharacterized_126	Dwi	Drosophila willistoni	CPR	0.0	None	0.0	None	0.0	0.0	no_confident_CPAP_hit	low	no_confident_hit	no_ChtBD2_support	134	1	0	0	0	0	0	0	NA	NA	NA	NA	NA
Dwi_CPR_Uncharacterized_128	CPR_Uncharacterized_128	Dwi	Drosophila willistoni	CPR	0.0	None	0.0	None	0.0	0.0	no_confident_CPAP_hit	low	no_confident_hit	no_ChtBD2_support	131	1	0	0	0	0	0	0	NA	NA	NA	NA	NA
Dwi_CPR_Uncharacterized_129	CPR_Uncharacterized_129	Dwi	Drosophila willistoni	CPR	0.0	None	0.0	None	0.0	0.0	no_confident_CPAP_hit	low	no_confident_hit	no_ChtBD2_support	163	1	0	0	0	0	0	0	NA	NA	NA	NA	NA
Dwi_CPR_Uncharacterized_13	CPR_Uncharacterized_13	Dwi	Drosophila willistoni	CPR	0.0	None	0.0	None	0.0	0.0	no_confident_CPAP_hit	low	no_confident_hit	no_ChtBD2_support	250	1	0	0	0	0	0	0	NA	NA	NA	NA	NA
Dwi_CPR_Uncharacterized_131	CPR_Uncharacterized_131	Dwi	Drosophila willistoni	CPR	0.0	None	0.0	None	0.0	0.0	no_confident_CPAP_hit	low	no_confident_hit	no_ChtBD2_support	208	0	0	0	0	0	0	0	NA	NA	NA	NA	NA
Dwi_CPR_Uncharacterized_133	CPR_Uncharacterized_133	Dwi	Drosophila willistoni	CPR	0.0	None	0.0	None	0.0	0.0	no_confident_CPAP_hit	low	no_confident_hit	no_ChtBD2_support	251	1	0	0	0	0	0	0	NA	NA	NA	NA	NA
Dwi_CPR_Uncharacterized_14	CPR_Uncharacterized_14	Dwi	Drosophila willistoni	CPR	0.0	None	0.0	None	0.0	0.0	no_confident_CPAP_hit	low	no_confident_hit	no_ChtBD2_support	104	0	0	0	0	0	0	0	NA	NA	NA	NA	NA
Dwi_CPR_Uncharacterized_15	CPR_Uncharacterized_15	Dwi	Drosophila willistoni	CPR	0.0	None	0.0	None	0.0	0.0	no_confident_CPAP_hit	low	no_confident_hit	no_ChtBD2_support	104	0	0	0	0	0	0	0	NA	NA	NA	NA	NA
Dwi_CPR_Uncharacterized_17	CPR_Uncharacterized_17	Dwi	Drosophila willistoni	CPR	0.0	None	0.0	None	0.0	0.0	no_confident_CPAP_hit	low	no_confident_hit	no_ChtBD2_support	108	0	0	0	0	0	0	0	NA	NA	NA	NA	NA
Dwi_CPR_Uncharacterized_18	CPR_Uncharacterized_18	Dwi	Drosophila willistoni	CPR	0.0	None	0.0	None	0.0	0.0	no_confident_CPAP_hit	low	no_confident_hit	no_ChtBD2_support	105	0	0	0	0	0	0	0	NA	NA	NA	NA	NA
Dwi_CPR_Uncharacterized_20	CPR_Uncharacterized_20	Dwi	Drosophila willistoni	CPR	0.0	None	0.0	None	0.0	0.0	no_confident_CPAP_hit	low	no_confident_hit	no_ChtBD2_support	61	0	0	0	0	0	0	0	NA	NA	NA	NA	NA
Dwi_CPR_Uncharacterized_21	CPR_Uncharacterized_21	Dwi	Drosophila willistoni	CPR	0.0	None	0.0	None	0.0	0.0	no_confident_CPAP_hit	low	no_confident_hit	no_ChtBD2_support	62	0	0	0	0	0	0	0	NA	NA	NA	NA	NA
Dwi_CPR_Uncharacterized_23	CPR_Uncharacterized_23	Dwi	Drosophila willistoni	CPR	0.0	None	0.0	None	0.0	0.0	no_confident_CPAP_hit	low	no_confident_hit	no_ChtBD2_support	115	2	0	0	0	0	0	0	NA	NA	NA	NA	NA
Dwi_CPR_Uncharacterized_24	CPR_Uncharacterized_24	Dwi	Drosophila willistoni	CPR	0.0	None	0.0	None	0.0	0.0	no_confident_CPAP_hit	low	no_confident_hit	no_ChtBD2_support	101	0	0	0	0	0	0	0	NA	NA	NA	NA	NA
Dwi_CPR_Uncharacterized_26	CPR_Uncharacterized_26	Dwi	Drosophila willistoni	CPR	0.0	None	0.0	None	0.0	0.0	no_confident_CPAP_hit	low	no_confident_hit	no_ChtBD2_support	108	1	0	0	0	0	0	0	NA	NA	NA	NA	NA
Dwi_CPR_Uncharacterized_27	CPR_Uncharacterized_27	Dwi	Drosophila willistoni	CPR	0.0	None	0.0	None	0.0	0.0	no_confident_CPAP_hit	low	no_confident_hit	no_ChtBD2_support	101	0	0	0	0	0	0	0	NA	NA	NA	NA	NA
Dwi_CPR_Uncharacterized_28	CPR_Uncharacterized_28	Dwi	Drosophila willistoni	CPR	0.0	None	0.0	None	0.0	0.0	no_confident_CPAP_hit	low	no_confident_hit	no_ChtBD2_support	102	0	0	0	0	0	0	0	NA	NA	NA	NA	NA
Dwi_CPR_Uncharacterized_29	CPR_Uncharacterized_29	Dwi	Drosophila willistoni	CPR	0.0	None	0.0	None	0.0	0.0	no_confident_CPAP_hit	low	no_confident_hit	no_ChtBD2_support	105	0	0	0	0	0	0	0	NA	NA	NA	NA	NA
Dwi_CPR_Uncharacterized_31	CPR_Uncharacterized_31	Dwi	Drosophila willistoni	CPR	0.0	None	0.0	None	0.0	0.0	no_confident_CPAP_hit	low	no_confident_hit	no_ChtBD2_support	87	0	0	0	0	0	0	0	NA	NA	NA	NA	NA
Dwi_CPR_Uncharacterized_32	CPR_Uncharacterized_32	Dwi	Drosophila willistoni	CPR	0.0	None	0.0	None	0.0	0.0	no_confident_CPAP_hit	low	no_confident_hit	no_ChtBD2_support	101	0	0	0	0	0	0	0	NA	NA	NA	NA	NA
Dwi_CPR_Uncharacterized_34	CPR_Uncharacterized_34	Dwi	Drosophila willistoni	CPR	0.0	None	0.0	None	0.0	0.0	no_confident_CPAP_hit	low	no_confident_hit	no_ChtBD2_support	104	0	0	0	0	0	0	0	NA	NA	NA	NA	NA
Dwi_CPR_Uncharacterized_35	CPR_Uncharacterized_35	Dwi	Drosophila willistoni	CPR	0.0	None	0.0	None	0.0	0.0	no_confident_CPAP_hit	low	no_confident_hit	no_ChtBD2_support	104	0	0	0	0	0	0	0	NA	NA	NA	NA	NA
Dwi_CPR_Uncharacterized_37	CPR_Uncharacterized_37	Dwi	Drosophila willistoni	CPR	0.0	None	0.0	None	0.0	0.0	no_confident_CPAP_hit	low	no_confident_hit	no_ChtBD2_support	108	0	0	0	0	0	0	0	NA	NA	NA	NA	NA
Dwi_CPR_Uncharacterized_38	CPR_Uncharacterized_38	Dwi	Drosophila willistoni	CPR	0.0	None	0.0	None	0.0	0.0	no_confident_CPAP_hit	low	no_confident_hit	no_ChtBD2_support	247	3	0	0	0	0	0	0	NA	NA	NA	NA	NA
Dwi_CPR_Uncharacterized_4	CPR_Uncharacterized_4	Dwi	Drosophila willistoni	CPR	0.0	None	0.0	None	0.0	0.0	no_confident_CPAP_hit	low	no_confident_hit	no_ChtBD2_support	137	2	0	0	0	0	0	0	NA	NA	NA	NA	NA
Dwi_CPR_Uncharacterized_40	CPR_Uncharacterized_40	Dwi	Drosophila willistoni	CPR	0.0	None	0.0	None	0.0	0.0	no_confident_CPAP_hit	low	no_confident_hit	no_ChtBD2_support	115	0	0	0	0	0	0	0	NA	NA	NA	NA	NA
Dwi_CPR_Uncharacterized_41	CPR_Uncharacterized_41	Dwi	Drosophila willistoni	CPR	0.0	None	0.0	None	0.0	0.0	no_confident_CPAP_hit	low	no_confident_hit	no_ChtBD2_support	134	1	0	0	0	0	0	0	NA	NA	NA	NA	NA
Dwi_CPR_Uncharacterized_42	CPR_Uncharacterized_42	Dwi	Drosophila willistoni	CPR	0.0	None	0.0	None	0.0	0.0	no_confident_CPAP_hit	low	no_confident_hit	no_ChtBD2_support	191	0	0	0	0	0	0	0	NA	NA	NA	NA	NA
Dwi_CPR_Uncharacterized_43	CPR_Uncharacterized_43	Dwi	Drosophila willistoni	CPR	0.0	None	0.0	None	0.0	0.0	no_confident_CPAP_hit	low	no_confident_hit	no_ChtBD2_support	130	0	0	0	0	0	0	0	NA	NA	NA	NA	NA
Dwi_CPR_Uncharacterized_44	CPR_Uncharacterized_44	Dwi	Drosophila willistoni	CPR	0.0	None	0.0	None	0.0	0.0	no_confident_CPAP_hit	low	no_confident_hit	no_ChtBD2_support	210	2	0	0	0	0	0	0	NA	NA	NA	NA	NA
Dwi_CPR_Uncharacterized_45	CPR_Uncharacterized_45	Dwi	Drosophila willistoni	CPR	0.0	None	0.0	None	0.0	0.0	no_confident_CPAP_hit	low	no_confident_hit	no_ChtBD2_support	91	1	0	0	0	0	0	0	NA	NA	NA	NA	NA
Dwi_CPR_Uncharacterized_47	CPR_Uncharacterized_47	Dwi	Drosophila willistoni	CPR	0.0	None	0.0	None	0.0	0.0	no_confident_CPAP_hit	low	no_confident_hit	no_ChtBD2_support	347	0	0	0	0	0	0	0	NA	NA	NA	NA	NA
Dwi_CPR_Uncharacterized_48	CPR_Uncharacterized_48	Dwi	Drosophila willistoni	CPR	0.0	None	0.0	None	0.0	0.0	no_confident_CPAP_hit	low	no_confident_hit	no_ChtBD2_support	119	1	0	0	0	0	0	0	NA	NA	NA	NA	NA
Dwi_CPR_Uncharacterized_49	CPR_Uncharacterized_49	Dwi	Drosophila willistoni	CPR	0.0	None	0.0	None	0.0	0.0	no_confident_CPAP_hit	low	no_confident_hit	no_ChtBD2_support	114	1	0	0	0	0	0	0	NA	NA	NA	NA	NA
Dwi_CPR_Uncharacterized_5	CPR_Uncharacterized_5	Dwi	Drosophila willistoni	CPR	0.0	None	0.0	None	0.0	0.0	no_confident_CPAP_hit	low	no_confident_hit	no_ChtBD2_support	197	0	0	0	0	0	0	0	NA	NA	NA	NA	NA
Dwi_CPR_Uncharacterized_50	CPR_Uncharacterized_50	Dwi	Drosophila willistoni	CPR	0.0	None	0.0	None	0.0	0.0	no_confident_CPAP_hit	low	no_confident_hit	no_ChtBD2_support	112	1	0	0	0	0	0	0	NA	NA	NA	NA	NA
Dwi_CPR_Uncharacterized_51	CPR_Uncharacterized_51	Dwi	Drosophila willistoni	CPR	0.0	None	0.0	None	0.0	0.0	no_confident_CPAP_hit	low	no_confident_hit	no_ChtBD2_support	117	0	0	0	0	0	0	0	NA	NA	NA	NA	NA
Dwi_CPR_Uncharacterized_52	CPR_Uncharacterized_52	Dwi	Drosophila willistoni	CPR	0.0	None	0.0	None	0.0	0.0	no_confident_CPAP_hit	low	no_confident_hit	no_ChtBD2_support	112	1	0	0	0	0	0	0	NA	NA	NA	NA	NA
Dwi_CPR_Uncharacterized_53	CPR_Uncharacterized_53	Dwi	Drosophila willistoni	CPR	0.0	None	0.0	None	0.0	0.0	no_confident_CPAP_hit	low	no_confident_hit	no_ChtBD2_support	129	1	0	0	0	0	0	0	NA	NA	NA	NA	NA
Dwi_CPR_Uncharacterized_55	CPR_Uncharacterized_55	Dwi	Drosophila willistoni	CPR	0.0	None	0.0	None	0.0	0.0	no_confident_CPAP_hit	low	no_confident_hit	no_ChtBD2_support	128	2	0	0	0	0	0	0	NA	NA	NA	NA	NA
Dwi_CPR_Uncharacterized_56	CPR_Uncharacterized_56	Dwi	Drosophila willistoni	CPR	0.0	None	0.0	None	0.0	0.0	no_confident_CPAP_hit	low	no_confident_hit	no_ChtBD2_support	192	1	0	0	0	0	0	0	NA	NA	NA	NA	NA
Dwi_CPR_Uncharacterized_57	CPR_Uncharacterized_57	Dwi	Drosophila willistoni	CPR	0.0	None	0.0	None	0.0	0.0	no_confident_CPAP_hit	low	no_confident_hit	no_ChtBD2_support	120	0	0	0	0	0	0	0	NA	NA	NA	NA	NA
Dwi_CPR_Uncharacterized_58	CPR_Uncharacterized_58	Dwi	Drosophila willistoni	CPR	0.0	None	0.0	None	0.0	0.0	no_confident_CPAP_hit	low	no_confident_hit	no_ChtBD2_support	118	0	0	0	0	0	0	0	NA	NA	NA	NA	NA
Dwi_CPR_Uncharacterized_6	CPR_Uncharacterized_6	Dwi	Drosophila willistoni	CPR	0.0	None	0.0	None	0.0	0.0	no_confident_CPAP_hit	low	no_confident_hit	no_ChtBD2_support	131	2	0	0	0	0	0	0	NA	NA	NA	NA	NA
Dwi_CPR_Uncharacterized_63	CPR_Uncharacterized_63	Dwi	Drosophila willistoni	CPR	0.0	None	0.0	None	0.0	0.0	no_confident_CPAP_hit	low	no_confident_hit	no_ChtBD2_support	140	0	0	0	0	0	0	0	NA	NA	NA	NA	NA
Dwi_CPR_Uncharacterized_65	CPR_Uncharacterized_65	Dwi	Drosophila willistoni	CPR	0.0	None	0.0	None	0.0	0.0	no_confident_CPAP_hit	low	no_confident_hit	no_ChtBD2_support	320	2	0	0	0	0	0	0	NA	NA	NA	NA	NA
Dwi_CPR_Uncharacterized_66	CPR_Uncharacterized_66	Dwi	Drosophila willistoni	CPR	0.0	None	0.0	None	0.0	0.0	no_confident_CPAP_hit	low	no_confident_hit	no_ChtBD2_support	137	2	0	0	0	0	0	0	NA	NA	NA	NA	NA
Dwi_CPR_Uncharacterized_68	CPR_Uncharacterized_68	Dwi	Drosophila willistoni	CPR	0.0	None	0.0	None	0.0	0.0	no_confident_CPAP_hit	low	no_confident_hit	no_ChtBD2_support	188	0	0	0	0	0	0	0	NA	NA	NA	NA	NA
Dwi_CPR_Uncharacterized_69	CPR_Uncharacterized_69	Dwi	Drosophila willistoni	CPR	0.0	None	0.0	None	0.0	0.0	no_confident_CPAP_hit	low	no_confident_hit	no_ChtBD2_support	258	0	0	0	0	0	0	0	NA	NA	NA	NA	NA
Dwi_CPR_Uncharacterized_7	CPR_Uncharacterized_7	Dwi	Drosophila willistoni	CPR	0.0	None	0.0	None	0.0	0.0	no_confident_CPAP_hit	low	no_confident_hit	no_ChtBD2_support	104	2	0	0	0	0	0	0	NA	NA	NA	NA	NA
Dwi_CPR_Uncharacterized_71	CPR_Uncharacterized_71	Dwi	Drosophila willistoni	CPR	0.0	None	0.0	None	0.0	0.0	no_confident_CPAP_hit	low	no_confident_hit	no_ChtBD2_support	194	0	0	0	0	0	0	0	NA	NA	NA	NA	NA
Dwi_CPR_Uncharacterized_72	CPR_Uncharacterized_72	Dwi	Drosophila willistoni	CPR	0.0	None	0.0	None	0.0	0.0	no_confident_CPAP_hit	low	no_confident_hit	no_ChtBD2_support	291	1	0	0	0	0	0	0	NA	NA	NA	NA	NA
Dwi_CPR_Uncharacterized_73	CPR_Uncharacterized_73	Dwi	Drosophila willistoni	CPR	0.0	None	0.0	None	0.0	0.0	no_confident_CPAP_hit	low	no_confident_hit	no_ChtBD2_support	213	1	0	0	0	0	0	0	NA	NA	NA	NA	NA
Dwi_CPR_Uncharacterized_74	CPR_Uncharacterized_74	Dwi	Drosophila willistoni	CPR	0.0	None	0.0	None	0.0	0.0	no_confident_CPAP_hit	low	no_confident_hit	no_ChtBD2_support	186	0	0	0	0	0	0	0	NA	NA	NA	NA	NA
Dwi_CPR_Uncharacterized_75	CPR_Uncharacterized_75	Dwi	Drosophila willistoni	CPR	0.0	None	0.0	None	0.0	0.0	no_confident_CPAP_hit	low	no_confident_hit	no_ChtBD2_support	213	0	0	0	0	0	0	0	NA	NA	NA	NA	NA
Dwi_CPR_Uncharacterized_76	CPR_Uncharacterized_76	Dwi	Drosophila willistoni	CPR	0.0	None	0.0	None	0.0	0.0	no_confident_CPAP_hit	low	no_confident_hit	no_ChtBD2_support	286	0	0	0	0	0	0	0	NA	NA	NA	NA	NA
Dwi_CPR_Uncharacterized_77	CPR_Uncharacterized_77	Dwi	Drosophila willistoni	CPR	0.0	None	0.0	None	0.0	0.0	no_confident_CPAP_hit	low	no_confident_hit	no_ChtBD2_support	139	1	0	0	0	0	0	0	NA	NA	NA	NA	NA
Dwi_CPR_Uncharacterized_78	CPR_Uncharacterized_78	Dwi	Drosophila willistoni	CPR	0.0	None	0.0	None	0.0	0.0	no_confident_CPAP_hit	low	no_confident_hit	no_ChtBD2_support	145	0	0	0	0	0	0	0	NA	NA	NA	NA	NA
Dwi_CPR_Uncharacterized_79	CPR_Uncharacterized_79	Dwi	Drosophila willistoni	CPR	0.0	None	0.0	None	0.0	0.0	no_confident_CPAP_hit	low	no_confident_hit	no_ChtBD2_support	104	1	0	0	0	0	0	0	NA	NA	NA	NA	NA
Dwi_CPR_Uncharacterized_8	CPR_Uncharacterized_8	Dwi	Drosophila willistoni	CPR	0.0	None	0.0	None	0.0	0.0	no_confident_CPAP_hit	low	no_confident_hit	no_ChtBD2_support	353	0	0	0	0	0	0	0	NA	NA	NA	NA	NA
Dwi_CPR_Uncharacterized_81	CPR_Uncharacterized_81	Dwi	Drosophila willistoni	CPR	0.0	None	0.0	None	0.0	0.0	no_confident_CPAP_hit	low	no_confident_hit	no_ChtBD2_support	209	0	0	0	0	0	0	0	NA	NA	NA	NA	NA
Dwi_CPR_Uncharacterized_83	CPR_Uncharacterized_83	Dwi	Drosophila willistoni	CPR	0.0	None	0.0	None	0.0	0.0	no_confident_CPAP_hit	low	no_confident_hit	no_ChtBD2_support	270	3	0	0	0	0	0	0	NA	NA	NA	NA	NA
Dwi_CPR_Uncharacterized_84	CPR_Uncharacterized_84	Dwi	Drosophila willistoni	CPR	0.0	None	0.0	None	0.0	0.0	no_confident_CPAP_hit	low	no_confident_hit	no_ChtBD2_support	124	1	0	0	0	0	0	0	NA	NA	NA	NA	NA
Dwi_CPR_Uncharacterized_86	CPR_Uncharacterized_86	Dwi	Drosophila willistoni	CPR	0.0	None	0.0	None	0.0	0.0	no_confident_CPAP_hit	low	no_confident_hit	no_ChtBD2_support	154	1	0	0	0	0	0	0	NA	NA	NA	NA	NA
Dwi_CPR_Uncharacterized_88	CPR_Uncharacterized_88	Dwi	Drosophila willistoni	CPR	0.0	None	0.0	None	0.0	0.0	no_confident_CPAP_hit	low	no_confident_hit	no_ChtBD2_support	206	0	0	0	0	0	0	0	NA	NA	NA	NA	NA
Dwi_CPR_Uncharacterized_89	CPR_Uncharacterized_89	Dwi	Drosophila willistoni	CPR	0.0	None	0.0	None	0.0	0.0	no_confident_CPAP_hit	low	no_confident_hit	no_ChtBD2_support	107	1	0	0	0	0	0	0	NA	NA	NA	NA	NA
Dwi_CPR_Uncharacterized_9	CPR_Uncharacterized_9	Dwi	Drosophila willistoni	CPR	0.0	None	0.0	None	0.0	0.0	no_confident_CPAP_hit	low	no_confident_hit	no_ChtBD2_support	183	1	0	0	0	0	0	0	NA	NA	NA	NA	NA
Dwi_CPR_Uncharacterized_90	CPR_Uncharacterized_90	Dwi	Drosophila willistoni	CPR	0.0	None	0.0	None	0.0	0.0	no_confident_CPAP_hit	low	no_confident_hit	no_ChtBD2_support	201	0	0	0	0	0	0	0	NA	NA	NA	NA	NA
Dwi_CPR_Uncharacterized_93	CPR_Uncharacterized_93	Dwi	Drosophila willistoni	CPR	0.0	None	0.0	None	0.0	0.0	no_confident_CPAP_hit	low	no_confident_hit	no_ChtBD2_support	130	0	0	0	0	0	0	0	NA	NA	NA	NA	NA
Dwi_CPR_Uncharacterized_94	CPR_Uncharacterized_94	Dwi	Drosophila willistoni	CPR	0.0	None	0.0	None	0.0	0.0	no_confident_CPAP_hit	low	no_confident_hit	no_ChtBD2_support	117	2	0	0	0	0	0	0	NA	NA	NA	NA	NA
Dwi_CPR_Uncharacterized_95	CPR_Uncharacterized_95	Dwi	Drosophila willistoni	CPR	0.0	None	0.0	None	0.0	0.0	no_confident_CPAP_hit	low	no_confident_hit	no_ChtBD2_support	121	0	0	0	0	0	0	0	NA	NA	NA	NA	NA
Dwi_CPR_Uncharacterized_96	CPR_Uncharacterized_96	Dwi	Drosophila willistoni	CPR	0.0	None	0.0	None	0.0	0.0	no_confident_CPAP_hit	low	no_confident_hit	no_ChtBD2_support	184	1	0	0	0	0	0	0	NA	NA	NA	NA	NA
Dwi_CPR_Uncharacterized_98	CPR_Uncharacterized_98	Dwi	Drosophila willistoni	CPR	0.0	None	0.0	None	0.0	0.0	no_confident_CPAP_hit	low	no_confident_hit	no_ChtBD2_support	198	1	0	0	0	0	0	0	NA	NA	NA	NA	NA
Dwi_CPR_Uncharacterized_99	CPR_Uncharacterized_99	Dwi	Drosophila willistoni	CPR	0.0	None	0.0	None	0.0	0.0	no_confident_CPAP_hit	low	no_confident_hit	no_ChtBD2_support	123	0	0	0	0	0	0	0	NA	NA	NA	NA	NA
Dwi_CPR_Uncharacterized_A	CPR_Uncharacterized_A	Dwi	Drosophila willistoni	CPR	0.0	None	0.0	None	0.0	0.0	no_confident_CPAP_hit	low	no_confident_hit	no_ChtBD2_support	258	1	0	0	0	0	0	0	NA	NA	NA	NA	NA
Dwi_CPR_Uncharacterized_B	CPR_Uncharacterized_B	Dwi	Drosophila willistoni	CPR	0.0	None	0.0	None	0.0	0.0	no_confident_CPAP_hit	low	no_confident_hit	no_ChtBD2_support	598	0	0	0	0	0	0	0	NA	NA	NA	NA	NA
Dwi_CPR_Uncharacterized_C	CPR_Uncharacterized_C	Dwi	Drosophila willistoni	CPR	0.0	None	0.0	None	0.0	0.0	no_confident_CPAP_hit	low	no_confident_hit	no_ChtBD2_support	280	0	0	0	0	0	0	0	NA	NA	NA	NA	NA
Dwi_CPR_Uncharacterized_D	CPR_Uncharacterized_D	Dwi	Drosophila willistoni	CPR	0.0	None	0.0	None	0.0	0.0	no_confident_CPAP_hit	low	no_confident_hit	no_ChtBD2_support	397	0	0	0	0	0	0	0	NA	NA	NA	NA	NA
Dwi_CPR_Uncharacterized_E	CPR_Uncharacterized_E	Dwi	Drosophila willistoni	CPR	0.0	None	0.0	None	0.0	0.0	no_confident_CPAP_hit	low	no_confident_hit	no_ChtBD2_support	122	0	0	0	0	0	0	0	NA	NA	NA	NA	NA
Dwi_CPR_Uncharacterized_F	CPR_Uncharacterized_F	Dwi	Drosophila willistoni	CPR	0.0	None	0.0	None	0.0	0.0	no_confident_CPAP_hit	low	no_confident_hit	no_ChtBD2_support	385	0	0	0	0	0	0	0	NA	NA	NA	NA	NA
Dwi_CPR_Uncharacterized_G	CPR_Uncharacterized_G	Dwi	Drosophila willistoni	CPR	0.0	None	0.0	None	0.0	0.0	no_confident_CPAP_hit	low	no_confident_hit	no_ChtBD2_support	95	0	0	0	0	0	0	0	NA	NA	NA	NA	NA
Dwi_Tweedle1	Tweedle1	Dwi	Drosophila willistoni	Tweedle	0.0	None	0.0	None	0.0	0.0	no_confident_CPAP_hit	low	no_confident_hit	no_ChtBD2_support	190	0	0	0	0	0	0	0	NA	NA	NA	NA	NA
Dwi_Tweedle10	Tweedle10	Dwi	Drosophila willistoni	Tweedle	0.0	None	0.0	None	0.0	0.0	no_confident_CPAP_hit	low	no_confident_hit	no_ChtBD2_support	265	1	0	0	0	0	0	0	NA	NA	NA	NA	NA
Dwi_Tweedle11	Tweedle11	Dwi	Drosophila willistoni	Tweedle	4.4	2.6	0.0	None	4.4	4.4	no_confident_CPAP_hit	low	no_confident_hit	no_ChtBD2_support	292	1	0	0	0	0	0	0	NA	NA	NA	NA	NA
Dwi_Tweedle12	Tweedle12	Dwi	Drosophila willistoni	Tweedle	0.0	None	0.0	None	0.0	0.0	no_confident_CPAP_hit	low	no_confident_hit	no_ChtBD2_support	325	1	0	0	0	0	0	0	NA	NA	NA	NA	NA
Dwi_Tweedle13	Tweedle13	Dwi	Drosophila willistoni	Tweedle	0.0	None	0.0	None	0.0	0.0	no_confident_CPAP_hit	low	no_confident_hit	no_ChtBD2_support	225	1	0	0	0	0	0	0	NA	NA	NA	NA	NA
Dwi_Tweedle14	Tweedle14	Dwi	Drosophila willistoni	Tweedle	0.0	None	0.0	None	0.0	0.0	no_confident_CPAP_hit	low	no_confident_hit	no_ChtBD2_support	428	1	0	0	0	0	0	0	NA	NA	NA	NA	NA
Dwi_Tweedle15	Tweedle15	Dwi	Drosophila willistoni	Tweedle	0.0	None	0.0	None	0.0	0.0	no_confident_CPAP_hit	low	no_confident_hit	no_ChtBD2_support	232	0	0	0	0	0	0	0	NA	NA	NA	NA	NA
Dwi_Tweedle16	Tweedle16	Dwi	Drosophila willistoni	Tweedle	0.0	None	0.0	None	0.0	0.0	no_confident_CPAP_hit	low	no_confident_hit	no_ChtBD2_support	274	0	0	0	0	0	0	0	NA	NA	NA	NA	NA
Dwi_Tweedle17	Tweedle17	Dwi	Drosophila willistoni	Tweedle	0.0	None	0.0	None	0.0	0.0	no_confident_CPAP_hit	low	no_confident_hit	no_ChtBD2_support	260	2	0	0	0	0	0	0	NA	NA	NA	NA	NA
Dwi_Tweedle18	Tweedle18	Dwi	Drosophila willistoni	Tweedle	0.0	None	0.0	None	0.0	0.0	no_confident_CPAP_hit	low	no_confident_hit	no_ChtBD2_support	221	2	0	0	0	0	0	0	NA	NA	NA	NA	NA
Dwi_Tweedle19	Tweedle19	Dwi	Drosophila willistoni	Tweedle	0.0	None	0.0	None	0.0	0.0	no_confident_CPAP_hit	low	no_confident_hit	no_ChtBD2_support	246	2	0	0	0	0	0	0	NA	NA	NA	NA	NA
Dwi_Tweedle2	Tweedle2	Dwi	Drosophila willistoni	Tweedle	0.0	None	0.0	None	0.0	0.0	no_confident_CPAP_hit	low	no_confident_hit	no_ChtBD2_support	195	0	0	0	0	0	0	0	NA	NA	NA	NA	NA
Dwi_Tweedle20	Tweedle20	Dwi	Drosophila willistoni	Tweedle	0.0	None	0.0	None	0.0	0.0	no_confident_CPAP_hit	low	no_confident_hit	no_ChtBD2_support	304	1	0	0	0	0	0	0	NA	NA	NA	NA	NA
Dwi_Tweedle21	Tweedle21	Dwi	Drosophila willistoni	Tweedle	0.0	None	0.0	None	0.0	0.0	no_confident_CPAP_hit	low	no_confident_hit	no_ChtBD2_support	298	2	0	0	0	0	0	0	NA	NA	NA	NA	NA
Dwi_Tweedle22	Tweedle22	Dwi	Drosophila willistoni	Tweedle	0.0	None	0.0	None	0.0	0.0	no_confident_CPAP_hit	low	no_confident_hit	no_ChtBD2_support	289	1	0	0	0	0	0	0	NA	NA	NA	NA	NA
Dwi_Tweedle23	Tweedle23	Dwi	Drosophila willistoni	Tweedle	0.0	None	0.0	None	0.0	0.0	no_confident_CPAP_hit	low	no_confident_hit	no_ChtBD2_support	262	1	0	0	0	0	0	0	NA	NA	NA	NA	NA
Dwi_Tweedle24	Tweedle24	Dwi	Drosophila willistoni	Tweedle	0.0	None	0.0	None	0.0	0.0	no_confident_CPAP_hit	low	no_confident_hit	no_ChtBD2_support	229	2	0	0	0	0	0	0	NA	NA	NA	NA	NA
Dwi_Tweedle25	Tweedle25	Dwi	Drosophila willistoni	Tweedle	0.0	None	0.0	None	0.0	0.0	no_confident_CPAP_hit	low	no_confident_hit	no_ChtBD2_support	279	2	0	0	0	0	0	0	NA	NA	NA	NA	NA
Dwi_Tweedle26	Tweedle26	Dwi	Drosophila willistoni	Tweedle	0.0	None	0.0	None	0.0	0.0	no_confident_CPAP_hit	low	no_confident_hit	no_ChtBD2_support	283	2	0	0	0	0	0	0	NA	NA	NA	NA	NA
Dwi_Tweedle27	Tweedle27	Dwi	Drosophila willistoni	Tweedle	0.0	None	0.0	None	0.0	0.0	no_confident_CPAP_hit	low	no_confident_hit	no_ChtBD2_support	225	1	0	0	0	0	0	0	NA	NA	NA	NA	NA
Dwi_Tweedle28	Tweedle28	Dwi	Drosophila willistoni	Tweedle	0.0	None	0.0	None	0.0	0.0	no_confident_CPAP_hit	low	no_confident_hit	no_ChtBD2_support	381	5	0	0	0	0	0	0	NA	NA	NA	NA	NA
Dwi_Tweedle3	Tweedle3	Dwi	Drosophila willistoni	Tweedle	0.0	None	0.0	None	0.0	0.0	no_confident_CPAP_hit	low	no_confident_hit	no_ChtBD2_support	272	1	0	0	0	0	0	0	NA	NA	NA	NA	NA
Dwi_Tweedle4	Tweedle4	Dwi	Drosophila willistoni	Tweedle	0.0	None	0.0	None	0.0	0.0	no_confident_CPAP_hit	low	no_confident_hit	no_ChtBD2_support	374	1	0	0	0	0	0	0	NA	NA	NA	NA	NA
Dwi_Tweedle5	Tweedle5	Dwi	Drosophila willistoni	Tweedle	0.0	None	0.0	None	0.0	0.0	no_confident_CPAP_hit	low	no_confident_hit	no_ChtBD2_support	315	0	0	0	0	0	0	0	NA	NA	NA	NA	NA
Dwi_Tweedle6	Tweedle6	Dwi	Drosophila willistoni	Tweedle	0.0	None	0.0	None	0.0	0.0	no_confident_CPAP_hit	low	no_confident_hit	no_ChtBD2_support	361	0	0	0	0	0	0	0	NA	NA	NA	NA	NA
Dwi_Tweedle7	Tweedle7	Dwi	Drosophila willistoni	Tweedle	0.0	None	0.0	None	0.0	0.0	no_confident_CPAP_hit	low	no_confident_hit	no_ChtBD2_support	248	1	0	0	0	0	0	0	NA	NA	NA	NA	NA
Dwi_Tweedle8	Tweedle8	Dwi	Drosophila willistoni	Tweedle	0.0	None	0.0	None	0.0	0.0	no_confident_CPAP_hit	low	no_confident_hit	no_ChtBD2_support	230	0	0	0	0	0	0	0	NA	NA	NA	NA	NA
Dwi_Tweedle9	Tweedle9	Dwi	Drosophila willistoni	Tweedle	0.0	None	0.0	None	0.0	0.0	no_confident_CPAP_hit	low	no_confident_hit	no_ChtBD2_support	339	0	0	0	0	0	0	0	NA	NA	NA	NA	NA
Foc_CPAP1_15	CPAP1_15	Foc	Frankliniella occidentalis	CPAP1	47.4	2e-13	31.2	1.8e-08	16.2	47.4	no_confident_CPAP_hit	low	no_confident_hit	ChtBD2_like_but_no_confident_CPAP_HMM	116	9	0	1	1	0	1	1	5	0	17,5,9,12,7	51	106
Foc_CPAP1_16	CPAP1_16	Foc	Frankliniella occidentalis	CPAP1	24.6	1.9e-06	37.5	2.1e-10	-12.9	37.5	no_confident_CPAP_hit	low	no_confident_hit	no_ChtBD2_support	95	4	0	0	0	0	0	0	NA	NA	NA	NA	NA
Foc_CPCFC1	CPCFC1	Foc	Frankliniella occidentalis	CPCFC	0.0	None	0.0	None	0.0	0.0	no_confident_CPAP_hit	low	no_confident_hit	no_ChtBD2_support	153	6	0	0	0	0	0	0	91	91	5,70,5,31,5	31	152
Foc_CPCFC2	CPCFC2	Foc	Frankliniella occidentalis	CPCFC	0.0	None	0.0	None	0.0	0.0	no_confident_CPAP_hit	low	no_confident_hit	no_ChtBD2_support	145	7	0	0	0	0	0	0	52	52	5,37,5,25,5	62	144
Foc_CPF1	CPF1	Foc	Frankliniella occidentalis	CPF	0.0	None	0.0	None	0.0	0.0	no_confident_CPAP_hit	low	no_confident_hit	no_ChtBD2_support	341	2	0	0	0	0	0	0	NA	NA	NA	NA	NA
Foc_CPF2	CPF2	Foc	Frankliniella occidentalis	CPF	0.0	None	0.0	None	0.0	0.0	no_confident_CPAP_hit	low	no_confident_hit	no_ChtBD2_support	251	0	0	0	0	0	0	0	NA	NA	NA	NA	NA
Foc_CPF3	CPF3	Foc	Frankliniella occidentalis	CPF	0.0	None	0.0	None	0.0	0.0	no_confident_CPAP_hit	low	no_confident_hit	no_ChtBD2_support	176	0	0	0	0	0	0	0	NA	NA	NA	NA	NA
Foc_CPF4	CPF4	Foc	Frankliniella occidentalis	CPF	0.0	None	0.0	None	0.0	0.0	no_confident_CPAP_hit	low	no_confident_hit	no_ChtBD2_support	345	0	0	0	0	0	0	0	NA	NA	NA	NA	NA
Foc_CPG1	CPG1	Foc	Frankliniella occidentalis	CPG	0.0	None	0.0	None	0.0	0.0	no_confident_CPAP_hit	low	no_confident_hit	no_ChtBD2_support	118	0	0	0	0	0	0	0	NA	NA	NA	NA	NA
Foc_CPG2	CPG2	Foc	Frankliniella occidentalis	CPG	0.0	None	0.0	None	0.0	0.0	no_confident_CPAP_hit	low	no_confident_hit	no_ChtBD2_support	202	5	0	0	0	0	0	0	NA	NA	NA	NA	NA
Foc_CPG3	CPG3	Foc	Frankliniella occidentalis	CPG	0.0	None	0.0	None	0.0	0.0	no_confident_CPAP_hit	low	no_confident_hit	no_ChtBD2_support	153	6	0	0	0	0	0	0	115	115	6,92,0,2,2	7	114
Foc_CPG4	CPG4	Foc	Frankliniella occidentalis	CPG	0.0	None	0.0	None	0.0	0.0	no_confident_CPAP_hit	low	no_confident_hit	no_ChtBD2_support	209	4	0	0	0	0	0	0	NA	NA	NA	NA	NA
Foc_CPG5	CPG5	Foc	Frankliniella occidentalis	CPG	0.0	None	0.0	None	0.0	0.0	no_confident_CPAP_hit	low	no_confident_hit	no_ChtBD2_support	545	1	0	0	0	0	0	0	NA	NA	NA	NA	NA
Foc_CPG6	CPG6	Foc	Frankliniella occidentalis	CPG	0.0	None	0.0	None	0.0	0.0	no_confident_CPAP_hit	low	no_confident_hit	no_ChtBD2_support	221	6	0	0	0	0	0	0	199	199	1,182,3,6,7	9	213
Foc_CPLCP1	CPLCP1	Foc	Frankliniella occidentalis	CPLCP	0.0	None	0.0	None	0.0	0.0	no_confident_CPAP_hit	low	no_confident_hit	no_ChtBD2_support	334	0	0	0	0	0	0	0	NA	NA	NA	NA	NA
Foc_CPLCP10	CPLCP10	Foc	Frankliniella occidentalis	CPLCP	0.0	None	0.0	None	0.0	0.0	no_confident_CPAP_hit	low	no_confident_hit	no_ChtBD2_support	271	2	0	0	0	0	0	0	NA	NA	NA	NA	NA
Foc_CPLCP11	CPLCP11	Foc	Frankliniella occidentalis	CPLCP	0.0	None	0.0	None	0.0	0.0	no_confident_CPAP_hit	low	no_confident_hit	no_ChtBD2_support	655	2	0	0	0	0	0	0	NA	NA	NA	NA	NA
Foc_CPLCP12	CPLCP12	Foc	Frankliniella occidentalis	CPLCP	0.0	None	0.0	None	0.0	0.0	no_confident_CPAP_hit	low	no_confident_hit	no_ChtBD2_support	241	1	0	0	0	0	0	0	NA	NA	NA	NA	NA
Foc_CPLCP13	CPLCP13	Foc	Frankliniella occidentalis	CPLCP	0.0	None	0.0	None	0.0	0.0	no_confident_CPAP_hit	low	no_confident_hit	no_ChtBD2_support	765	5	0	0	0	0	0	0	NA	NA	NA	NA	NA
Foc_CPLCP14	CPLCP14	Foc	Frankliniella occidentalis	CPLCP	0.0	None	0.0	None	0.0	0.0	no_confident_CPAP_hit	low	no_confident_hit	no_ChtBD2_support	478	1	0	0	0	0	0	0	NA	NA	NA	NA	NA
Foc_CPLCP15	CPLCP15	Foc	Frankliniella occidentalis	CPLCP	0.0	None	0.0	None	0.0	0.0	no_confident_CPAP_hit	low	no_confident_hit	no_ChtBD2_support	268	0	0	0	0	0	0	0	NA	NA	NA	NA	NA
Foc_CPLCP16	CPLCP16	Foc	Frankliniella occidentalis	CPLCP	0.0	None	0.0	None	0.0	0.0	no_confident_CPAP_hit	low	no_confident_hit	no_ChtBD2_support	437	1	0	0	0	0	0	0	NA	NA	NA	NA	NA
Foc_CPLCP2	CPLCP2	Foc	Frankliniella occidentalis	CPLCP	0.0	None	0.0	None	0.0	0.0	no_confident_CPAP_hit	low	no_confident_hit	no_ChtBD2_support	286	0	0	0	0	0	0	0	NA	NA	NA	NA	NA
Foc_CPLCP3	CPLCP3	Foc	Frankliniella occidentalis	CPLCP	0.0	None	0.0	None	0.0	0.0	no_confident_CPAP_hit	low	no_confident_hit	no_ChtBD2_support	294	2	0	0	0	0	0	0	NA	NA	NA	NA	NA
Foc_CPLCP4	CPLCP4	Foc	Frankliniella occidentalis	CPLCP	0.0	None	0.0	None	0.0	0.0	no_confident_CPAP_hit	low	no_confident_hit	no_ChtBD2_support	448	3	0	0	0	0	0	0	NA	NA	NA	NA	NA
Foc_CPLCP5	CPLCP5	Foc	Frankliniella occidentalis	CPLCP	0.0	None	0.0	None	0.0	0.0	no_confident_CPAP_hit	low	no_confident_hit	no_ChtBD2_support	209	1	0	0	0	0	0	0	NA	NA	NA	NA	NA
Foc_CPLCP6	CPLCP6	Foc	Frankliniella occidentalis	CPLCP	0.0	None	0.0	None	0.0	0.0	no_confident_CPAP_hit	low	no_confident_hit	no_ChtBD2_support	240	0	0	0	0	0	0	0	NA	NA	NA	NA	NA
Foc_CPLCP7	CPLCP7	Foc	Frankliniella occidentalis	CPLCP	0.0	None	0.0	None	0.0	0.0	no_confident_CPAP_hit	low	no_confident_hit	no_ChtBD2_support	425	0	0	0	0	0	0	0	NA	NA	NA	NA	NA
Foc_CPLCP8	CPLCP8	Foc	Frankliniella occidentalis	CPLCP	0.0	None	0.0	None	0.0	0.0	no_confident_CPAP_hit	low	no_confident_hit	no_ChtBD2_support	233	2	0	0	0	0	0	0	NA	NA	NA	NA	NA
Foc_CPLCP9	CPLCP9	Foc	Frankliniella occidentalis	CPLCP	0.0	None	0.0	None	0.0	0.0	no_confident_CPAP_hit	low	no_confident_hit	no_ChtBD2_support	223	1	0	0	0	0	0	0	NA	NA	NA	NA	NA
Foc_RR-1_1	RR-1_1	Foc	Frankliniella occidentalis	CPR RR-1	0.0	None	0.0	None	0.0	0.0	no_confident_CPAP_hit	low	no_confident_hit	no_ChtBD2_support	138	1	0	0	0	0	0	0	NA	NA	NA	NA	NA
Foc_RR-1_10	RR-1_10	Foc	Frankliniella occidentalis	CPR RR-1	0.0	None	0.0	None	0.0	0.0	no_confident_CPAP_hit	low	no_confident_hit	no_ChtBD2_support	229	0	0	0	0	0	0	0	NA	NA	NA	NA	NA
Foc_RR-1_11	RR-1_11	Foc	Frankliniella occidentalis	CPR RR-1	0.0	None	0.0	None	0.0	0.0	no_confident_CPAP_hit	low	no_confident_hit	no_ChtBD2_support	123	0	0	0	0	0	0	0	NA	NA	NA	NA	NA
Foc_RR-1_12	RR-1_12	Foc	Frankliniella occidentalis	CPR RR-1	0.0	None	0.0	None	0.0	0.0	no_confident_CPAP_hit	low	no_confident_hit	no_ChtBD2_support	284	0	0	0	0	0	0	0	NA	NA	NA	NA	NA
Foc_RR-1_13	RR-1_13	Foc	Frankliniella occidentalis	CPR RR-1	0.0	None	0.0	None	0.0	0.0	no_confident_CPAP_hit	low	no_confident_hit	no_ChtBD2_support	192	0	0	0	0	0	0	0	NA	NA	NA	NA	NA
Foc_RR-1_14	RR-1_14	Foc	Frankliniella occidentalis	CPR RR-1	0.0	None	0.0	None	0.0	0.0	no_confident_CPAP_hit	low	no_confident_hit	no_ChtBD2_support	199	0	0	0	0	0	0	0	NA	NA	NA	NA	NA
Foc_RR-1_15	RR-1_15	Foc	Frankliniella occidentalis	CPR RR-1	0.0	None	0.0	None	0.0	0.0	no_confident_CPAP_hit	low	no_confident_hit	no_ChtBD2_support	192	0	0	0	0	0	0	0	NA	NA	NA	NA	NA
Foc_RR-1_16	RR-1_16	Foc	Frankliniella occidentalis	CPR RR-1	0.0	None	0.0	None	0.0	0.0	no_confident_CPAP_hit	low	no_confident_hit	no_ChtBD2_support	173	1	0	0	0	0	0	0	NA	NA	NA	NA	NA
Foc_RR-1_17	RR-1_17	Foc	Frankliniella occidentalis	CPR RR-1	0.0	None	0.0	None	0.0	0.0	no_confident_CPAP_hit	low	no_confident_hit	no_ChtBD2_support	476	0	0	0	0	0	0	0	NA	NA	NA	NA	NA
Foc_RR-1_18	RR-1_18	Foc	Frankliniella occidentalis	CPR RR-1	0.0	None	0.0	None	0.0	0.0	no_confident_CPAP_hit	low	no_confident_hit	no_ChtBD2_support	401	3	0	0	0	0	0	0	NA	NA	NA	NA	NA
Foc_RR-1_19	RR-1_19	Foc	Frankliniella occidentalis	CPR RR-1	0.0	None	0.0	None	0.0	0.0	no_confident_CPAP_hit	low	no_confident_hit	no_ChtBD2_support	99	0	0	0	0	0	0	0	NA	NA	NA	NA	NA
Foc_RR-1_2	RR-1_2	Foc	Frankliniella occidentalis	CPR RR-1	0.0	None	0.0	None	0.0	0.0	no_confident_CPAP_hit	low	no_confident_hit	no_ChtBD2_support	851	2	0	0	0	0	0	0	NA	NA	NA	NA	NA
Foc_RR-1_20	RR-1_20	Foc	Frankliniella occidentalis	CPR RR-1	0.0	None	0.0	None	0.0	0.0	no_confident_CPAP_hit	low	no_confident_hit	no_ChtBD2_support	159	1	0	0	0	0	0	0	NA	NA	NA	NA	NA
Foc_RR-1_21	RR-1_21	Foc	Frankliniella occidentalis	CPR RR-1	0.0	None	0.0	None	0.0	0.0	no_confident_CPAP_hit	low	no_confident_hit	no_ChtBD2_support	380	0	0	0	0	0	0	0	NA	NA	NA	NA	NA
Foc_RR-1_22	RR-1_22	Foc	Frankliniella occidentalis	CPR RR-1	0.0	None	0.0	None	0.0	0.0	no_confident_CPAP_hit	low	no_confident_hit	no_ChtBD2_support	309	2	0	0	0	0	0	0	NA	NA	NA	NA	NA
Foc_RR-1_23	RR-1_23	Foc	Frankliniella occidentalis	CPR RR-1	0.0	None	0.0	None	0.0	0.0	no_confident_CPAP_hit	low	no_confident_hit	no_ChtBD2_support	182	2	0	0	0	0	0	0	NA	NA	NA	NA	NA
Foc_RR-1_24	RR-1_24	Foc	Frankliniella occidentalis	CPR RR-1	0.0	None	0.0	None	0.0	0.0	no_confident_CPAP_hit	low	no_confident_hit	no_ChtBD2_support	153	0	0	0	0	0	0	0	NA	NA	NA	NA	NA
Foc_RR-1_25	RR-1_25	Foc	Frankliniella occidentalis	CPR RR-1	0.0	None	0.0	None	0.0	0.0	no_confident_CPAP_hit	low	no_confident_hit	no_ChtBD2_support	338	2	0	0	0	0	0	0	NA	NA	NA	NA	NA
Foc_RR-1_26	RR-1_26	Foc	Frankliniella occidentalis	CPR RR-1	0.0	None	0.0	None	0.0	0.0	no_confident_CPAP_hit	low	no_confident_hit	no_ChtBD2_support	137	0	0	0	0	0	0	0	NA	NA	NA	NA	NA
Foc_RR-1_27	RR-1_27	Foc	Frankliniella occidentalis	CPR RR-1	0.0	None	0.0	None	0.0	0.0	no_confident_CPAP_hit	low	no_confident_hit	no_ChtBD2_support	975	1	0	0	0	0	0	0	NA	NA	NA	NA	NA
Foc_RR-1_28	RR-1_28	Foc	Frankliniella occidentalis	CPR RR-1	0.0	None	0.0	None	0.0	0.0	no_confident_CPAP_hit	low	no_confident_hit	no_ChtBD2_support	378	0	0	0	0	0	0	0	NA	NA	NA	NA	NA
Foc_RR-1_29	RR-1_29	Foc	Frankliniella occidentalis	CPR RR-1	0.0	None	0.0	None	0.0	0.0	no_confident_CPAP_hit	low	no_confident_hit	no_ChtBD2_support	188	0	0	0	0	0	0	0	NA	NA	NA	NA	NA
Foc_RR-1_3	RR-1_3	Foc	Frankliniella occidentalis	CPR RR-1	0.0	None	0.0	None	0.0	0.0	no_confident_CPAP_hit	low	no_confident_hit	no_ChtBD2_support	123	0	0	0	0	0	0	0	NA	NA	NA	NA	NA
Foc_RR-1_4	RR-1_4	Foc	Frankliniella occidentalis	CPR RR-1	0.0	None	0.0	None	0.0	0.0	no_confident_CPAP_hit	low	no_confident_hit	no_ChtBD2_support	96	0	0	0	0	0	0	0	NA	NA	NA	NA	NA
Foc_RR-1_5	RR-1_5	Foc	Frankliniella occidentalis	CPR RR-1	0.0	None	0.0	None	0.0	0.0	no_confident_CPAP_hit	low	no_confident_hit	no_ChtBD2_support	152	0	0	0	0	0	0	0	NA	NA	NA	NA	NA
Foc_RR-1_6	RR-1_6	Foc	Frankliniella occidentalis	CPR RR-1	0.0	None	0.0	None	0.0	0.0	no_confident_CPAP_hit	low	no_confident_hit	no_ChtBD2_support	137	2	0	0	0	0	0	0	NA	NA	NA	NA	NA
Foc_RR-1_7	RR-1_7	Foc	Frankliniella occidentalis	CPR RR-1	0.0	None	0.0	None	0.0	0.0	no_confident_CPAP_hit	low	no_confident_hit	no_ChtBD2_support	157	1	0	0	0	0	0	0	NA	NA	NA	NA	NA
Foc_RR-1_8	RR-1_8	Foc	Frankliniella occidentalis	CPR RR-1	0.0	None	0.0	None	0.0	0.0	no_confident_CPAP_hit	low	no_confident_hit	no_ChtBD2_support	231	1	0	0	0	0	0	0	NA	NA	NA	NA	NA
Foc_RR-1_9	RR-1_9	Foc	Frankliniella occidentalis	CPR RR-1	0.0	None	0.0	None	0.0	0.0	no_confident_CPAP_hit	low	no_confident_hit	no_ChtBD2_support	154	0	0	0	0	0	0	0	NA	NA	NA	NA	NA
Foc_RR-2_1	RR-2_1	Foc	Frankliniella occidentalis	CPR RR-2	0.0	None	0.0	None	0.0	0.0	no_confident_CPAP_hit	low	no_confident_hit	no_ChtBD2_support	437	1	0	0	0	0	0	0	NA	NA	NA	NA	NA
Foc_RR-2_10	RR-2_10	Foc	Frankliniella occidentalis	CPR RR-2	0.0	None	0.0	None	0.0	0.0	no_confident_CPAP_hit	low	no_confident_hit	no_ChtBD2_support	131	0	0	0	0	0	0	0	NA	NA	NA	NA	NA
Foc_RR-2_11	RR-2_11	Foc	Frankliniella occidentalis	CPR RR-2	0.0	None	0.0	None	0.0	0.0	no_confident_CPAP_hit	low	no_confident_hit	no_ChtBD2_support	223	0	0	0	0	0	0	0	NA	NA	NA	NA	NA
Foc_RR-2_12	RR-2_12	Foc	Frankliniella occidentalis	CPR RR-2	0.0	None	0.0	None	0.0	0.0	no_confident_CPAP_hit	low	no_confident_hit	no_ChtBD2_support	127	0	0	0	0	0	0	0	NA	NA	NA	NA	NA
Foc_RR-2_13	RR-2_13	Foc	Frankliniella occidentalis	CPR RR-2	0.0	None	0.0	None	0.0	0.0	no_confident_CPAP_hit	low	no_confident_hit	no_ChtBD2_support	123	0	0	0	0	0	0	0	NA	NA	NA	NA	NA
Foc_RR-2_14	RR-2_14	Foc	Frankliniella occidentalis	CPR RR-2	0.0	None	0.0	None	0.0	0.0	no_confident_CPAP_hit	low	no_confident_hit	no_ChtBD2_support	218	0	0	0	0	0	0	0	NA	NA	NA	NA	NA
Foc_RR-2_15	RR-2_15	Foc	Frankliniella occidentalis	CPR RR-2	0.0	None	0.0	None	0.0	0.0	no_confident_CPAP_hit	low	no_confident_hit	no_ChtBD2_support	129	0	0	0	0	0	0	0	NA	NA	NA	NA	NA
Foc_RR-2_16	RR-2_16	Foc	Frankliniella occidentalis	CPR RR-2	0.0	None	0.0	None	0.0	0.0	no_confident_CPAP_hit	low	no_confident_hit	no_ChtBD2_support	178	0	0	0	0	0	0	0	NA	NA	NA	NA	NA
Foc_RR-2_17	RR-2_17	Foc	Frankliniella occidentalis	CPR RR-2	0.0	None	0.0	None	0.0	0.0	no_confident_CPAP_hit	low	no_confident_hit	no_ChtBD2_support	203	1	0	0	0	0	0	0	NA	NA	NA	NA	NA
Foc_RR-2_18	RR-2_18	Foc	Frankliniella occidentalis	CPR RR-2	0.0	None	0.0	None	0.0	0.0	no_confident_CPAP_hit	low	no_confident_hit	no_ChtBD2_support	183	0	0	0	0	0	0	0	NA	NA	NA	NA	NA
Foc_RR-2_19	RR-2_19	Foc	Frankliniella occidentalis	CPR RR-2	0.0	None	0.0	None	0.0	0.0	no_confident_CPAP_hit	low	no_confident_hit	no_ChtBD2_support	116	0	0	0	0	0	0	0	NA	NA	NA	NA	NA
Foc_RR-2_2	RR-2_2	Foc	Frankliniella occidentalis	CPR RR-2	0.0	None	0.0	None	0.0	0.0	no_confident_CPAP_hit	low	no_confident_hit	no_ChtBD2_support	252	2	0	0	0	0	0	0	NA	NA	NA	NA	NA
Foc_RR-2_20	RR-2_20	Foc	Frankliniella occidentalis	CPR RR-2	0.0	None	0.0	None	0.0	0.0	no_confident_CPAP_hit	low	no_confident_hit	no_ChtBD2_support	340	0	0	0	0	0	0	0	NA	NA	NA	NA	NA
Foc_RR-2_21	RR-2_21	Foc	Frankliniella occidentalis	CPR RR-2	0.0	None	0.0	None	0.0	0.0	no_confident_CPAP_hit	low	no_confident_hit	no_ChtBD2_support	389	4	0	0	0	0	0	0	NA	NA	NA	NA	NA
Foc_RR-2_22	RR-2_22	Foc	Frankliniella occidentalis	CPR RR-2	0.0	None	0.0	None	0.0	0.0	no_confident_CPAP_hit	low	no_confident_hit	no_ChtBD2_support	252	1	0	0	0	0	0	0	NA	NA	NA	NA	NA
Foc_RR-2_23	RR-2_23	Foc	Frankliniella occidentalis	CPR RR-2	0.0	None	0.0	None	0.0	0.0	no_confident_CPAP_hit	low	no_confident_hit	no_ChtBD2_support	487	0	0	0	0	0	0	0	NA	NA	NA	NA	NA
Foc_RR-2_24	RR-2_24	Foc	Frankliniella occidentalis	CPR RR-2	0.0	None	0.0	None	0.0	0.0	no_confident_CPAP_hit	low	no_confident_hit	no_ChtBD2_support	553	0	0	0	0	0	0	0	NA	NA	NA	NA	NA
Foc_RR-2_25	RR-2_25	Foc	Frankliniella occidentalis	CPR RR-2	0.0	None	0.0	None	0.0	0.0	no_confident_CPAP_hit	low	no_confident_hit	no_ChtBD2_support	1203	4	0	0	0	0	0	0	NA	NA	NA	NA	NA
Foc_RR-2_26	RR-2_26	Foc	Frankliniella occidentalis	CPR RR-2	0.0	None	0.0	None	0.0	0.0	no_confident_CPAP_hit	low	no_confident_hit	no_ChtBD2_support	95	0	0	0	0	0	0	0	NA	NA	NA	NA	NA
Foc_RR-2_27	RR-2_27	Foc	Frankliniella occidentalis	CPR RR-2	0.0	None	0.0	None	0.0	0.0	no_confident_CPAP_hit	low	no_confident_hit	no_ChtBD2_support	514	2	0	0	0	0	0	0	NA	NA	NA	NA	NA
Foc_RR-2_28	RR-2_28	Foc	Frankliniella occidentalis	CPR RR-2	0.0	None	0.0	None	0.0	0.0	no_confident_CPAP_hit	low	no_confident_hit	no_ChtBD2_support	141	0	0	0	0	0	0	0	NA	NA	NA	NA	NA
Foc_RR-2_29	RR-2_29	Foc	Frankliniella occidentalis	CPR RR-2	0.0	None	0.0	None	0.0	0.0	no_confident_CPAP_hit	low	no_confident_hit	no_ChtBD2_support	333	2	0	0	0	0	0	0	NA	NA	NA	NA	NA
Foc_RR-2_3	RR-2_3	Foc	Frankliniella occidentalis	CPR RR-2	0.0	None	0.0	None	0.0	0.0	no_confident_CPAP_hit	low	no_confident_hit	no_ChtBD2_support	526	1	0	0	0	0	0	0	NA	NA	NA	NA	NA
Foc_RR-2_30	RR-2_30	Foc	Frankliniella occidentalis	CPR RR-2	0.0	None	0.0	None	0.0	0.0	no_confident_CPAP_hit	low	no_confident_hit	no_ChtBD2_support	574	2	0	0	0	0	0	0	NA	NA	NA	NA	NA
Foc_RR-2_4	RR-2_4	Foc	Frankliniella occidentalis	CPR RR-2	0.0	None	0.0	None	0.0	0.0	no_confident_CPAP_hit	low	no_confident_hit	no_ChtBD2_support	219	1	0	0	0	0	0	0	NA	NA	NA	NA	NA
Foc_RR-2_5	RR-2_5	Foc	Frankliniella occidentalis	CPR RR-2	0.0	None	0.0	None	0.0	0.0	no_confident_CPAP_hit	low	no_confident_hit	no_ChtBD2_support	205	3	0	0	0	0	0	0	NA	NA	NA	NA	NA
Foc_RR-2_6	RR-2_6	Foc	Frankliniella occidentalis	CPR RR-2	0.0	None	0.0	None	0.0	0.0	no_confident_CPAP_hit	low	no_confident_hit	no_ChtBD2_support	208	2	0	0	0	0	0	0	NA	NA	NA	NA	NA
Foc_RR-2_7	RR-2_7	Foc	Frankliniella occidentalis	CPR RR-2	0.0	None	0.0	None	0.0	0.0	no_confident_CPAP_hit	low	no_confident_hit	no_ChtBD2_support	320	1	0	0	0	0	0	0	NA	NA	NA	NA	NA
Foc_RR-2_8	RR-2_8	Foc	Frankliniella occidentalis	CPR RR-2	0.0	None	0.0	None	0.0	0.0	no_confident_CPAP_hit	low	no_confident_hit	no_ChtBD2_support	887	3	0	0	0	0	0	0	NA	NA	NA	NA	NA
Foc_RR-2_9	RR-2_9	Foc	Frankliniella occidentalis	CPR RR-2	0.0	None	0.0	None	0.0	0.0	no_confident_CPAP_hit	low	no_confident_hit	no_ChtBD2_support	116	0	0	0	0	0	0	0	NA	NA	NA	NA	NA
Foc_RR-NC_1	RR-NC_1	Foc	Frankliniella occidentalis	NULL	0.0	None	0.0	None	0.0	0.0	no_confident_CPAP_hit	low	no_confident_hit	no_ChtBD2_support	258	1	0	0	0	0	0	0	NA	NA	NA	NA	NA
Foc_RR-NC_2	RR-NC_2	Foc	Frankliniella occidentalis	NULL	0.0	None	0.0	None	0.0	0.0	no_confident_CPAP_hit	low	no_confident_hit	no_ChtBD2_support	489	1	0	0	0	0	0	0	NA	NA	NA	NA	NA
Foc_RR-NC_3	RR-NC_3	Foc	Frankliniella occidentalis	NULL	0.0	None	0.0	None	0.0	0.0	no_confident_CPAP_hit	low	no_confident_hit	no_ChtBD2_support	93	2	0	0	0	0	0	0	NA	NA	NA	NA	NA
Foc_RR-NC_4	RR-NC_4	Foc	Frankliniella occidentalis	NULL	0.0	None	0.0	None	0.0	0.0	no_confident_CPAP_hit	low	no_confident_hit	no_ChtBD2_support	289	0	0	0	0	0	0	0	NA	NA	NA	NA	NA
Foc_RR-NC_5	RR-NC_5	Foc	Frankliniella occidentalis	NULL	0.0	None	0.0	None	0.0	0.0	no_confident_CPAP_hit	low	no_confident_hit	no_ChtBD2_support	337	0	0	0	0	0	0	0	NA	NA	NA	NA	NA
Foc_RR-NC_6	RR-NC_6	Foc	Frankliniella occidentalis	NULL	0.0	None	0.0	None	0.0	0.0	no_confident_CPAP_hit	low	no_confident_hit	no_ChtBD2_support	288	0	0	0	0	0	0	0	NA	NA	NA	NA	NA
Foc_RR-NC_7	RR-NC_7	Foc	Frankliniella occidentalis	NULL	0.0	None	0.0	None	0.0	0.0	no_confident_CPAP_hit	low	no_confident_hit	no_ChtBD2_support	83	0	0	0	0	0	0	0	NA	NA	NA	NA	NA
Foc_RR-NC_8	RR-NC_8	Foc	Frankliniella occidentalis	NULL	0.0	None	0.0	None	0.0	0.0	no_confident_CPAP_hit	low	no_confident_hit	no_ChtBD2_support	1019	2	0	0	0	0	0	0	NA	NA	NA	NA	NA
Foc_RR-NC_9	RR-NC_9	Foc	Frankliniella occidentalis	NULL	0.0	None	0.0	None	0.0	0.0	no_confident_CPAP_hit	low	no_confident_hit	no_ChtBD2_support	393	0	0	0	0	0	0	0	NA	NA	NA	NA	NA
Foc_TWDL1	TWDL1	Foc	Frankliniella occidentalis	Tweedle	0.0	None	0.0	None	0.0	0.0	no_confident_CPAP_hit	low	no_confident_hit	no_ChtBD2_support	340	0	0	0	0	0	0	0	NA	NA	NA	NA	NA
Foc_TWDL10	TWDL10	Foc	Frankliniella occidentalis	Tweedle	0.0	None	0.0	None	0.0	0.0	no_confident_CPAP_hit	low	no_confident_hit	no_ChtBD2_support	176	0	0	0	0	0	0	0	NA	NA	NA	NA	NA
Foc_TWDL2	TWDL2	Foc	Frankliniella occidentalis	Tweedle	0.0	None	0.0	None	0.0	0.0	no_confident_CPAP_hit	low	no_confident_hit	no_ChtBD2_support	191	0	0	0	0	0	0	0	NA	NA	NA	NA	NA
Foc_TWDL3	TWDL3	Foc	Frankliniella occidentalis	Tweedle	0.0	None	0.0	None	0.0	0.0	no_confident_CPAP_hit	low	no_confident_hit	no_ChtBD2_support	380	0	0	0	0	0	0	0	NA	NA	NA	NA	NA
Foc_TWDL4	TWDL4	Foc	Frankliniella occidentalis	Tweedle	0.0	None	0.0	None	0.0	0.0	no_confident_CPAP_hit	low	no_confident_hit	no_ChtBD2_support	665	0	0	0	0	0	0	0	NA	NA	NA	NA	NA
Foc_TWDL5	TWDL5	Foc	Frankliniella occidentalis	Tweedle	0.0	None	0.0	None	0.0	0.0	no_confident_CPAP_hit	low	no_confident_hit	no_ChtBD2_support	239	0	0	0	0	0	0	0	NA	NA	NA	NA	NA
Foc_TWDL6	TWDL6	Foc	Frankliniella occidentalis	Tweedle	0.0	None	0.0	None	0.0	0.0	no_confident_CPAP_hit	low	no_confident_hit	no_ChtBD2_support	231	0	0	0	0	0	0	0	NA	NA	NA	NA	NA
Foc_TWDL7	TWDL7	Foc	Frankliniella occidentalis	Tweedle	0.0	None	0.0	None	0.0	0.0	no_confident_CPAP_hit	low	no_confident_hit	no_ChtBD2_support	264	0	0	0	0	0	0	0	NA	NA	NA	NA	NA
Foc_TWDL8	TWDL8	Foc	Frankliniella occidentalis	Tweedle	0.0	None	0.0	None	0.0	0.0	no_confident_CPAP_hit	low	no_confident_hit	no_ChtBD2_support	128	1	0	0	0	0	0	0	NA	NA	NA	NA	NA
Foc_TWDL9	TWDL9	Foc	Frankliniella occidentalis	Tweedle	0.0	None	0.0	None	0.0	0.0	no_confident_CPAP_hit	low	no_confident_hit	no_ChtBD2_support	415	2	0	0	0	0	0	0	NA	NA	NA	NA	NA
Har_LCP17	LCP17	Har	Helicoverpa armigera	CPR RR-1	0.0	None	0.0	None	0.0	0.0	no_confident_CPAP_hit	low	no_confident_hit	no_ChtBD2_support	141	1	0	0	0	0	0	0	NA	NA	NA	NA	NA
Har_SgAbd5	SgAbd5	Har	Helicoverpa armigera	CPR RR-1	0.0	None	0.0	None	0.0	0.0	no_confident_CPAP_hit	low	no_confident_hit	no_ChtBD2_support	119	1	0	0	0	0	0	0	NA	NA	NA	NA	NA
Hvi_CP3L	CP3L	Hvi	Heortia vitessoides	CPR RR-1	0.0	None	0.0	None	0.0	0.0	no_confident_CPAP_hit	low	no_confident_hit	no_ChtBD2_support	170	0	0	0	0	0	0	0	NA	NA	NA	NA	NA
Iri_ACP10.9	ACP10.9	Iri	Ixodes ricinus	CPR RR-2	0.0	None	0.0	None	0.0	0.0	no_confident_CPAP_hit	low	no_confident_hit	no_ChtBD2_support	102	0	0	0	0	0	0	0	NA	NA	NA	NA	NA
Iri_ACP16.8	ACP16.8	Iri	Ixodes ricinus	CPR RR-2	0.0	None	0.0	None	0.0	0.0	no_confident_CPAP_hit	low	no_confident_hit	no_ChtBD2_support	161	0	0	0	0	0	0	0	NA	NA	NA	NA	NA
Isc_EEC01924.1	EEC01924.1	Isc	Ixodes scapularis	CPR	0.0	None	0.0	None	0.0	0.0	no_confident_CPAP_hit	low	no_confident_hit	no_ChtBD2_support	149	0	0	0	0	0	0	0	NA	NA	NA	NA	NA
Isc_EEC01927.1	EEC01927.1	Isc	Ixodes scapularis	CPR	0.0	None	0.0	None	0.0	0.0	no_confident_CPAP_hit	low	no_confident_hit	no_ChtBD2_support	170	0	0	0	0	0	0	0	NA	NA	NA	NA	NA
Isc_EEC01928.1	EEC01928.1	Isc	Ixodes scapularis	NULL	0.0	None	0.0	None	0.0	0.0	no_confident_CPAP_hit	low	no_confident_hit	no_ChtBD2_support	162	0	0	0	0	0	0	0	NA	NA	NA	NA	NA
Isc_EEC03470.1	EEC03470.1	Isc	Ixodes scapularis	CPR RR-2	0.0	None	0.0	None	0.0	0.0	no_confident_CPAP_hit	low	no_confident_hit	no_ChtBD2_support	123	2	0	0	0	0	0	0	NA	NA	NA	NA	NA
Isc_EEC03471.1	EEC03471.1	Isc	Ixodes scapularis	CPR RR-2	0.0	None	0.0	None	0.0	0.0	no_confident_CPAP_hit	low	no_confident_hit	no_ChtBD2_support	112	0	0	0	0	0	0	0	NA	NA	NA	NA	NA
Isc_EEC04043.1	EEC04043.1	Isc	Ixodes scapularis	CPR RR-2	0.0	None	0.0	None	0.0	0.0	no_confident_CPAP_hit	low	no_confident_hit	no_ChtBD2_support	159	0	0	0	0	0	0	0	NA	NA	NA	NA	NA
Isc_EEC04044.1	EEC04044.1	Isc	Ixodes scapularis	CPR RR-2	0.0	None	0.0	None	0.0	0.0	no_confident_CPAP_hit	low	no_confident_hit	no_ChtBD2_support	194	0	0	0	0	0	0	0	NA	NA	NA	NA	NA
Isc_EEC04674.1	EEC04674.1	Isc	Ixodes scapularis	CPR RR-2	0.0	None	0.0	None	0.0	0.0	no_confident_CPAP_hit	low	no_confident_hit	no_ChtBD2_support	161	3	0	0	0	0	0	0	NA	NA	NA	NA	NA
Isc_EEC04675.1	EEC04675.1	Isc	Ixodes scapularis	CPR	0.0	None	0.0	None	0.0	0.0	no_confident_CPAP_hit	low	no_confident_hit	no_ChtBD2_support	166	0	0	0	0	0	0	0	NA	NA	NA	NA	NA
Isc_EEC07075.1	EEC07075.1	Isc	Ixodes scapularis	NULL	0.0	None	0.0	None	0.0	0.0	no_confident_CPAP_hit	low	no_confident_hit	no_ChtBD2_support	196	2	0	0	0	0	0	0	NA	NA	NA	NA	NA
Isc_EEC08503.1	EEC08503.1	Isc	Ixodes scapularis	CPR RR-2	0.0	None	0.0	None	0.0	0.0	no_confident_CPAP_hit	low	no_confident_hit	no_ChtBD2_support	117	0	0	0	0	0	0	0	NA	NA	NA	NA	NA
Isc_EEC09165.1	EEC09165.1	Isc	Ixodes scapularis	CPR RR-2	0.0	None	0.0	None	0.0	0.0	no_confident_CPAP_hit	low	no_confident_hit	no_ChtBD2_support	114	0	0	0	0	0	0	0	NA	NA	NA	NA	NA
Isc_EEC09166.1	EEC09166.1	Isc	Ixodes scapularis	CPR RR-2	0.0	None	0.0	None	0.0	0.0	no_confident_CPAP_hit	low	no_confident_hit	no_ChtBD2_support	122	2	0	0	0	0	0	0	NA	NA	NA	NA	NA
Isc_EEC09495.1	EEC09495.1	Isc	Ixodes scapularis	NULL	0.0	None	0.0	None	0.0	0.0	no_confident_CPAP_hit	low	no_confident_hit	no_ChtBD2_support	101	0	0	0	0	0	0	0	NA	NA	NA	NA	NA
Isc_EEC11064.1	EEC11064.1	Isc	Ixodes scapularis	NULL	0.0	None	0.0	None	0.0	0.0	no_confident_CPAP_hit	low	no_confident_hit	no_ChtBD2_support	94	0	0	0	0	0	0	0	NA	NA	NA	NA	NA
Isc_EEC11084.1	EEC11084.1	Isc	Ixodes scapularis	CPR RR-2	0.0	None	0.0	None	0.0	0.0	no_confident_CPAP_hit	low	no_confident_hit	no_ChtBD2_support	712	7	0	0	0	0	0	0	283	271	144,11,95,61,27	223	566
Isc_EEC14149.1	EEC14149.1	Isc	Ixodes scapularis	CPR RR-2	0.0	None	0.0	None	0.0	0.0	no_confident_CPAP_hit	low	no_confident_hit	no_ChtBD2_support	374	3	0	0	0	0	0	0	NA	NA	NA	NA	NA
Lmi_ACP7	ACP7	Lmi	Locusta migratoria	CPR RR-2	0.0	None	0.0	None	0.0	0.0	no_confident_CPAP_hit	low	no_confident_hit	no_ChtBD2_support	147	0	0	0	0	0	0	0	NA	NA	NA	NA	NA
Lmi_ATX63079	ATX63079	Lmi	Locusta migratoria	NULL	0.0	None	0.0	None	0.0	0.0	no_confident_CPAP_hit	low	no_confident_hit	no_ChtBD2_support	205	2	0	0	0	0	0	0	NA	NA	NA	NA	NA
Lmi_Abd-1	Abd-1	Lmi	Locusta migratoria	CPR RR-1	0.0	None	0.0	None	0.0	0.0	no_confident_CPAP_hit	low	no_confident_hit	no_ChtBD2_support	193	1	0	0	0	0	0	0	NA	NA	NA	NA	NA
Lmi_Abd-2	Abd-2	Lmi	Locusta migratoria	RR-1	0.0	None	0.0	None	0.0	0.0	no_confident_CPAP_hit	low	no_confident_hit	no_ChtBD2_support	152	1	0	0	0	0	0	0	NA	NA	NA	NA	NA
Lmi_Abd-3	Abd-3	Lmi	Locusta migratoria	RR-1	0.0	None	0.0	None	0.0	0.0	no_confident_CPAP_hit	low	no_confident_hit	no_ChtBD2_support	123	0	0	0	0	0	0	0	NA	NA	NA	NA	NA
Lmi_Abd-4	Abd-4	Lmi	Locusta migratoria	RR-1	0.0	None	0.0	None	0.0	0.0	no_confident_CPAP_hit	low	no_confident_hit	no_ChtBD2_support	134	1	0	0	0	0	0	0	NA	NA	NA	NA	NA
Lmi_Abd-5	Abd-5	Lmi	Locusta migratoria	RR-1	0.0	None	0.0	None	0.0	0.0	no_confident_CPAP_hit	low	no_confident_hit	no_ChtBD2_support	100	0	0	0	0	0	0	0	NA	NA	NA	NA	NA
Lmi_Abd-6	Abd-6	Lmi	Locusta migratoria	CPR RR-1	0.0	None	0.0	None	0.0	0.0	no_confident_CPAP_hit	low	no_confident_hit	no_ChtBD2_support	100	0	0	0	0	0	0	0	NA	NA	NA	NA	NA
Lmi_Abd-8	Abd-8	Lmi	Locusta migratoria	RR-1	0.0	None	0.0	None	0.0	0.0	no_confident_CPAP_hit	low	no_confident_hit	no_ChtBD2_support	161	0	0	0	0	0	0	0	NA	NA	NA	NA	NA
Lmi_Abd-9	Abd-9	Lmi	Locusta migratoria	RR-1	0.0	None	0.0	None	0.0	0.0	no_confident_CPAP_hit	low	no_confident_hit	no_ChtBD2_support	145	1	0	0	0	0	0	0	NA	NA	NA	NA	NA
Lmi_CDA1	CDA1	Lmi	Locusta migratoria	Chitin deacetylase - group I	10.0	0.05	32.6	6.4e-09	-22.6	32.6	no_confident_CPAP_hit	low	no_confident_hit	ChtBD2_like_but_no_confident_CPAP_HMM	535	26	0	1	1	0	1	1	6	0	18,5,9,12,8	41	98
Lmi_CDA2	CDA2	Lmi	Locusta migratoria	Chitin deacetylase - group I	20.3	3.8e-05	17.2	0.00032	3.1	20.3	no_confident_CPAP_hit	low	no_confident_hit	ChtBD2_like_but_no_confident_CPAP_HMM	541	26	0	0	1	0	0	1	5	1	16,5,15,12,8	42	103
Lmi_CP	CP	Lmi	Locusta migratoria	NULL	0.0	None	0.0	None	0.0	0.0	no_confident_CPAP_hit	low	no_confident_hit	no_ChtBD2_support	359	0	0	0	0	0	0	0	NA	NA	NA	NA	NA
Lmi_CP4	CP4	Lmi	Locusta migratoria	NULL	0.0	None	0.0	None	0.0	0.0	no_confident_CPAP_hit	low	no_confident_hit	no_ChtBD2_support	113	0	0	0	0	0	0	0	NA	NA	NA	NA	NA
Lmi_CPFL2	CPFL2	Lmi	Locusta migratoria	CPFL	0.0	None	0.0	None	0.0	0.0	no_confident_CPAP_hit	low	no_confident_hit	no_ChtBD2_support	104	8	0	0	0	0	0	0	32	32	4,13,5,28,5	14	74
Lmi_CPH-1	CPH-1	Lmi	Locusta migratoria	CPH	0.0	None	0.0	None	0.0	0.0	no_confident_CPAP_hit	low	no_confident_hit	no_ChtBD2_support	137	0	0	0	0	0	0	0	NA	NA	NA	NA	NA
Lmi_CP_66D	CP_66D	Lmi	Locusta migratoria	NULL	0.0	None	0.0	None	0.0	0.0	no_confident_CPAP_hit	low	no_confident_hit	no_ChtBD2_support	322	1	0	0	0	0	0	0	NA	NA	NA	NA	NA
Lmi_MHSP	MHSP	Lmi	Locusta migratoria	His-rich RR2	0.0	None	0.0	None	0.0	0.0	no_confident_CPAP_hit	low	no_confident_hit	no_ChtBD2_support	182	0	0	0	0	0	0	0	NA	NA	NA	NA	NA
Lmi_NCP14.9	NCP14.9	Lmi	Locusta migratoria	RR-3	0.0	None	0.0	None	0.0	0.0	no_confident_CPAP_hit	low	no_confident_hit	no_ChtBD2_support	262	2	0	0	0	0	0	0	NA	NA	NA	NA	NA
Lmi_Snsl	Snsl	Lmi	Locusta migratoria	ABC transporter	0.0	None	0.0	None	0.0	0.0	no_confident_CPAP_hit	low	no_confident_hit	no_ChtBD2_support	177	4	0	0	0	0	0	0	NA	NA	NA	NA	NA
Lmi_flexible_cuticle_protein_12	flexible_cuticle_protein_12	Lmi	Locusta migratoria	RR-1	0.0	None	0.0	None	0.0	0.0	no_confident_CPAP_hit	low	no_confident_hit	no_ChtBD2_support	126	0	0	0	0	0	0	0	NA	NA	NA	NA	NA
Lst_CPR1	CPR1	Lst	Laodelphax striatellus	CPR RR-1	0.0	None	0.0	None	0.0	0.0	no_confident_CPAP_hit	low	no_confident_hit	no_ChtBD2_support	215	1	0	0	0	0	0	0	NA	NA	NA	NA	NA
Lst_NCup	NCup	Lst	Laodelphax striatellus	CPR RR-1	0.0	None	0.0	None	0.0	0.0	no_confident_CPAP_hit	low	no_confident_hit	no_ChtBD2_support	215	1	0	0	0	0	0	0	NA	NA	NA	NA	NA
Mal_Lac2	Lac2	Mal	Monochamus alternatus	Muticopper oxidase / Phenol oxidase	0.0	None	0.0	None	0.0	0.0	no_confident_CPAP_hit	low	no_confident_hit	no_ChtBD2_support	741	19	0	0	0	0	0	0	25	25	3,8,15,2,11	128	172
Mme_CPR14	CPR14	Mme	Microplitis mediator	CPR RR-1	0.0	None	0.0	None	0.0	0.0	no_confident_CPAP_hit	low	no_confident_hit	no_ChtBD2_support	175	1	0	0	0	0	0	0	NA	NA	NA	NA	NA
Mme_CPR3	CPR3	Mme	Microplitis mediator	CPR RR-1	0.0	None	0.0	None	0.0	0.0	no_confident_CPAP_hit	low	no_confident_hit	no_ChtBD2_support	104	0	0	0	0	0	0	0	NA	NA	NA	NA	NA
Mpe_CP1	CP1	Mpe	Myzus persicae	CPR RR-2	0.0	None	0.0	None	0.0	0.0	no_confident_CPAP_hit	low	no_confident_hit	no_ChtBD2_support	226	0	0	0	0	0	0	0	NA	NA	NA	NA	NA
Mpe_CP2	CP2	Mpe	Myzus persicae	CPR RR-2	0.0	None	0.0	None	0.0	0.0	no_confident_CPAP_hit	low	no_confident_hit	no_ChtBD2_support	228	0	0	0	0	0	0	0	NA	NA	NA	NA	NA
Mpe_CP4	CP4	Mpe	Myzus persicae	CPR RR-1	0.0	None	0.0	None	0.0	0.0	no_confident_CPAP_hit	low	no_confident_hit	no_ChtBD2_support	135	0	0	0	0	0	0	0	NA	NA	NA	NA	NA
Mpe_CP5	CP5	Mpe	Myzus persicae	CPR RR-1	0.0	None	0.0	None	0.0	0.0	no_confident_CPAP_hit	low	no_confident_hit	no_ChtBD2_support	248	0	0	0	0	0	0	0	NA	NA	NA	NA	NA
Mpe_Stylin-01	Stylin-01	Mpe	Myzus persicae	CPR RR-1	0.0	None	0.0	None	0.0	0.0	no_confident_CPAP_hit	low	no_confident_hit	no_ChtBD2_support	135	0	0	0	0	0	0	0	NA	NA	NA	NA	NA
Mpu_Lac2	Lac2	Mpu	Megacopta punctatissima	Muticopper oxidase / Phenol oxidase	0.0	None	0.0	None	0.0	0.0	no_confident_CPAP_hit	low	no_confident_hit	no_ChtBD2_support	729	19	0	0	0	0	0	0	25	25	3,8,15,2,11	122	166
Mse_LCP-14	LCP-14	Mse	Manduca sexta	CPR RR-1	0.0	None	0.0	None	0.0	0.0	no_confident_CPAP_hit	low	no_confident_hit	no_ChtBD2_support	125	2	0	0	0	0	0	0	NA	NA	NA	NA	NA
Mse_LCP16-17	LCP16-17	Mse	Manduca sexta	CPR RR-1	0.0	None	0.0	None	0.0	0.0	no_confident_CPAP_hit	low	no_confident_hit	no_ChtBD2_support	111	0	0	0	0	0	0	0	NA	NA	NA	NA	NA
Nlu_CP21.92	CP21.92	Nlu	Nilaparvata lugens	NULL	0.0	None	0.0	None	0.0	0.0	no_confident_CPAP_hit	low	no_confident_hit	no_ChtBD2_support	234	0	0	0	0	0	0	0	NA	NA	NA	NA	NA
Nlu_CPAP1-E_iso2	CPAP1-E_iso2	Nlu	Nilaparvata lugens	CPAP1	0.0	None	0.0	None	0.0	0.0	no_confident_CPAP_hit	low	no_confident_hit	no_ChtBD2_support	150	6	0	0	0	0	0	0	33	28	17,24,15,14,16	36	127
Nlu_CPAP1-H	CPAP1-H	Nlu	Nilaparvata lugens	CPAP1	30.6	2.6e-08	21.5	1.6e-05	9.1	30.6	no_confident_CPAP_hit	low	no_confident_hit	ChtBD2_like_but_no_confident_CPAP_HMM	1308	7	0	1	1	0	1	1	2	0	14,5,9,12,7	115	167
Nlu_CPAP1-Q	CPAP1-Q	Nlu	Nilaparvata lugens	CPAP1	0.0	None	0.0	None	0.0	0.0	no_confident_CPAP_hit	low	no_confident_hit	no_ChtBD2_support	75	3	0	0	0	0	0	0	NA	NA	NA	NA	NA
Nlu_CPF3a	CPF3a	Nlu	Nilaparvata lugens	CPF	0.0	None	0.0	None	0.0	0.0	no_confident_CPAP_hit	low	no_confident_hit	no_ChtBD2_support	149	1	0	0	0	0	0	0	NA	NA	NA	NA	NA
Nlu_CPF3b	CPF3b	Nlu	Nilaparvata lugens	CPF	0.0	None	0.0	None	0.0	0.0	no_confident_CPAP_hit	low	no_confident_hit	no_ChtBD2_support	216	1	0	0	0	0	0	0	NA	NA	NA	NA	NA
Nlu_CPG1	CPG1	Nlu	Nilaparvata lugens	NULL	0.0	None	0.0	None	0.0	0.0	no_confident_CPAP_hit	low	no_confident_hit	no_ChtBD2_support	252	0	0	0	0	0	0	0	NA	NA	NA	NA	NA
Nlu_CPG2	CPG2	Nlu	Nilaparvata lugens	NULL	0.0	None	0.0	None	0.0	0.0	no_confident_CPAP_hit	low	no_confident_hit	no_ChtBD2_support	508	1	0	0	0	0	0	0	NA	NA	NA	NA	NA
Nlu_CPG3	CPG3	Nlu	Nilaparvata lugens	NULL	0.0	None	0.0	None	0.0	0.0	no_confident_CPAP_hit	low	no_confident_hit	no_ChtBD2_support	195	1	0	0	0	0	0	0	NA	NA	NA	NA	NA
Nlu_CPLCP1	CPLCP1	Nlu	Nilaparvata lugens	CPLCP	0.0	None	0.0	None	0.0	0.0	no_confident_CPAP_hit	low	no_confident_hit	no_ChtBD2_support	306	0	0	0	0	0	0	0	NA	NA	NA	NA	NA
Nlu_CPLCP2	CPLCP2	Nlu	Nilaparvata lugens	CPLCP	0.0	None	0.0	None	0.0	0.0	no_confident_CPAP_hit	low	no_confident_hit	no_ChtBD2_support	325	1	0	0	0	0	0	0	NA	NA	NA	NA	NA
Nlu_CPLCP3	CPLCP3	Nlu	Nilaparvata lugens	CPLCP	0.0	None	0.0	None	0.0	0.0	no_confident_CPAP_hit	low	no_confident_hit	no_ChtBD2_support	274	1	0	0	0	0	0	0	NA	NA	NA	NA	NA
Nlu_CPLCP4	CPLCP4	Nlu	Nilaparvata lugens	CPLCP	0.0	None	0.0	None	0.0	0.0	no_confident_CPAP_hit	low	no_confident_hit	no_ChtBD2_support	200	1	0	0	0	0	0	0	NA	NA	NA	NA	NA
Nlu_CPLCP5	CPLCP5	Nlu	Nilaparvata lugens	CPLCP	0.0	None	0.0	None	0.0	0.0	no_confident_CPAP_hit	low	no_confident_hit	no_ChtBD2_support	313	1	0	0	0	0	0	0	NA	NA	NA	NA	NA
Nlu_CPLCP6	CPLCP6	Nlu	Nilaparvata lugens	CPLCP	0.0	None	0.0	None	0.0	0.0	no_confident_CPAP_hit	low	no_confident_hit	no_ChtBD2_support	294	0	0	0	0	0	0	0	NA	NA	NA	NA	NA
Nlu_Cpr1	Cpr1	Nlu	Nilaparvata lugens	CPR	0.0	None	0.0	None	0.0	0.0	no_confident_CPAP_hit	low	no_confident_hit	no_ChtBD2_support	129	0	0	0	0	0	0	0	NA	NA	NA	NA	NA
Nlu_Cpr10	Cpr10	Nlu	Nilaparvata lugens	CPR RR-1	0.0	None	0.0	None	0.0	0.0	no_confident_CPAP_hit	low	no_confident_hit	no_ChtBD2_support	140	2	0	0	0	0	0	0	NA	NA	NA	NA	NA
Nlu_Cpr11	Cpr11	Nlu	Nilaparvata lugens	CPR	0.0	None	0.0	None	0.0	0.0	no_confident_CPAP_hit	low	no_confident_hit	no_ChtBD2_support	352	0	0	0	0	0	0	0	NA	NA	NA	NA	NA
Nlu_Cpr12	Cpr12	Nlu	Nilaparvata lugens	CPR	0.0	None	0.0	None	0.0	0.0	no_confident_CPAP_hit	low	no_confident_hit	no_ChtBD2_support	216	1	0	0	0	0	0	0	NA	NA	NA	NA	NA
Nlu_Cpr13	Cpr13	Nlu	Nilaparvata lugens	CPR	0.0	None	0.0	None	0.0	0.0	no_confident_CPAP_hit	low	no_confident_hit	no_ChtBD2_support	214	0	0	0	0	0	0	0	NA	NA	NA	NA	NA
Nlu_Cpr14	Cpr14	Nlu	Nilaparvata lugens	CPR	0.0	None	0.0	None	0.0	0.0	no_confident_CPAP_hit	low	no_confident_hit	no_ChtBD2_support	289	0	0	0	0	0	0	0	NA	NA	NA	NA	NA
Nlu_Cpr15	Cpr15	Nlu	Nilaparvata lugens	CPR RR-1	0.0	None	0.0	None	0.0	0.0	no_confident_CPAP_hit	low	no_confident_hit	no_ChtBD2_support	130	0	0	0	0	0	0	0	NA	NA	NA	NA	NA
Nlu_Cpr16	Cpr16	Nlu	Nilaparvata lugens	CPR	0.0	None	0.0	None	0.0	0.0	no_confident_CPAP_hit	low	no_confident_hit	no_ChtBD2_support	156	1	0	0	0	0	0	0	NA	NA	NA	NA	NA
Nlu_Cpr17	Cpr17	Nlu	Nilaparvata lugens	CPR	0.0	None	0.0	None	0.0	0.0	no_confident_CPAP_hit	low	no_confident_hit	no_ChtBD2_support	149	2	0	0	0	0	0	0	NA	NA	NA	NA	NA
Nlu_Cpr18	Cpr18	Nlu	Nilaparvata lugens	CPR	0.0	None	0.0	None	0.0	0.0	no_confident_CPAP_hit	low	no_confident_hit	no_ChtBD2_support	162	1	0	0	0	0	0	0	NA	NA	NA	NA	NA
Nlu_Cpr19	Cpr19	Nlu	Nilaparvata lugens	CPR	0.0	None	0.0	None	0.0	0.0	no_confident_CPAP_hit	low	no_confident_hit	no_ChtBD2_support	298	0	0	0	0	0	0	0	NA	NA	NA	NA	NA
Nlu_Cpr2	Cpr2	Nlu	Nilaparvata lugens	CPR	0.0	None	0.0	None	0.0	0.0	no_confident_CPAP_hit	low	no_confident_hit	no_ChtBD2_support	140	2	0	0	0	0	0	0	NA	NA	NA	NA	NA
Nlu_Cpr20	Cpr20	Nlu	Nilaparvata lugens	CPR	0.0	None	0.0	None	0.0	0.0	no_confident_CPAP_hit	low	no_confident_hit	no_ChtBD2_support	760	3	0	0	0	0	0	0	NA	NA	NA	NA	NA
Nlu_Cpr21	Cpr21	Nlu	Nilaparvata lugens	CPR	0.0	None	0.0	None	0.0	0.0	no_confident_CPAP_hit	low	no_confident_hit	no_ChtBD2_support	435	2	0	0	0	0	0	0	NA	NA	NA	NA	NA
Nlu_Cpr21L	Cpr21L	Nlu	Nilaparvata lugens	CPR RR-2	0.0	None	0.0	None	0.0	0.0	no_confident_CPAP_hit	low	no_confident_hit	no_ChtBD2_support	236	2	0	0	0	0	0	0	NA	NA	NA	NA	NA
Nlu_Cpr22	Cpr22	Nlu	Nilaparvata lugens	CPR	0.0	None	0.0	None	0.0	0.0	no_confident_CPAP_hit	low	no_confident_hit	no_ChtBD2_support	239	0	0	0	0	0	0	0	NA	NA	NA	NA	NA
Nlu_Cpr23	Cpr23	Nlu	Nilaparvata lugens	CPR	0.0	None	0.0	None	0.0	0.0	no_confident_CPAP_hit	low	no_confident_hit	no_ChtBD2_support	123	2	0	0	0	0	0	0	NA	NA	NA	NA	NA
Nlu_Cpr24	Cpr24	Nlu	Nilaparvata lugens	CPR RR-1	0.0	None	0.0	None	0.0	0.0	no_confident_CPAP_hit	low	no_confident_hit	no_ChtBD2_support	144	2	0	0	0	0	0	0	NA	NA	NA	NA	NA
Nlu_Cpr25	Cpr25	Nlu	Nilaparvata lugens	CPR	0.0	None	0.0	None	0.0	0.0	no_confident_CPAP_hit	low	no_confident_hit	no_ChtBD2_support	762	2	0	0	0	0	0	0	NA	NA	NA	NA	NA
Nlu_Cpr26	Cpr26	Nlu	Nilaparvata lugens	CPR	0.0	None	0.0	None	0.0	0.0	no_confident_CPAP_hit	low	no_confident_hit	no_ChtBD2_support	339	2	0	0	0	0	0	0	NA	NA	NA	NA	NA
Nlu_Cpr27	Cpr27	Nlu	Nilaparvata lugens	CPR	0.0	None	0.0	None	0.0	0.0	no_confident_CPAP_hit	low	no_confident_hit	no_ChtBD2_support	194	0	0	0	0	0	0	0	NA	NA	NA	NA	NA
Nlu_Cpr28	Cpr28	Nlu	Nilaparvata lugens	CPR	0.0	None	0.0	None	0.0	0.0	no_confident_CPAP_hit	low	no_confident_hit	no_ChtBD2_support	156	2	0	0	0	0	0	0	NA	NA	NA	NA	NA
Nlu_Cpr29	Cpr29	Nlu	Nilaparvata lugens	CPR	0.0	None	0.0	None	0.0	0.0	no_confident_CPAP_hit	low	no_confident_hit	no_ChtBD2_support	444	2	0	0	0	0	0	0	NA	NA	NA	NA	NA
Nlu_Cpr3	Cpr3	Nlu	Nilaparvata lugens	CPR RR-1	0.0	None	0.0	None	0.0	0.0	no_confident_CPAP_hit	low	no_confident_hit	no_ChtBD2_support	119	0	0	0	0	0	0	0	NA	NA	NA	NA	NA
Nlu_Cpr30	Cpr30	Nlu	Nilaparvata lugens	CPR	0.0	None	0.0	None	0.0	0.0	no_confident_CPAP_hit	low	no_confident_hit	no_ChtBD2_support	533	3	0	0	0	0	0	0	NA	NA	NA	NA	NA
Nlu_Cpr31	Cpr31	Nlu	Nilaparvata lugens	CPR	0.0	None	0.0	None	0.0	0.0	no_confident_CPAP_hit	low	no_confident_hit	no_ChtBD2_support	711	1	0	0	0	0	0	0	NA	NA	NA	NA	NA
Nlu_Cpr32	Cpr32	Nlu	Nilaparvata lugens	CPR	0.0	None	0.0	None	0.0	0.0	no_confident_CPAP_hit	low	no_confident_hit	no_ChtBD2_support	694	4	0	0	0	0	0	0	NA	NA	NA	NA	NA
Nlu_Cpr33	Cpr33	Nlu	Nilaparvata lugens	CPR	0.0	None	0.0	None	0.0	0.0	no_confident_CPAP_hit	low	no_confident_hit	no_ChtBD2_support	454	2	0	0	0	0	0	0	NA	NA	NA	NA	NA
Nlu_Cpr34	Cpr34	Nlu	Nilaparvata lugens	CPR	0.0	None	0.0	None	0.0	0.0	no_confident_CPAP_hit	low	no_confident_hit	no_ChtBD2_support	687	12	0	0	0	0	0	0	30	25	17,1,11,25,20	73	152
Nlu_Cpr35	Cpr35	Nlu	Nilaparvata lugens	CPR	0.0	None	0.0	None	0.0	0.0	no_confident_CPAP_hit	low	no_confident_hit	no_ChtBD2_support	217	0	0	0	0	0	0	0	NA	NA	NA	NA	NA
Nlu_Cpr36	Cpr36	Nlu	Nilaparvata lugens	CPR	0.0	None	0.0	None	0.0	0.0	no_confident_CPAP_hit	low	no_confident_hit	no_ChtBD2_support	370	2	0	0	0	0	0	0	NA	NA	NA	NA	NA
Nlu_Cpr37	Cpr37	Nlu	Nilaparvata lugens	CPR	0.0	None	0.0	None	0.0	0.0	no_confident_CPAP_hit	low	no_confident_hit	no_ChtBD2_support	162	1	0	0	0	0	0	0	NA	NA	NA	NA	NA
Nlu_Cpr38	Cpr38	Nlu	Nilaparvata lugens	CPR	0.0	None	0.0	None	0.0	0.0	no_confident_CPAP_hit	low	no_confident_hit	no_ChtBD2_support	145	0	0	0	0	0	0	0	NA	NA	NA	NA	NA
Nlu_Cpr39	Cpr39	Nlu	Nilaparvata lugens	CPR	0.0	None	0.0	None	0.0	0.0	no_confident_CPAP_hit	low	no_confident_hit	no_ChtBD2_support	144	0	0	0	0	0	0	0	NA	NA	NA	NA	NA
Nlu_Cpr4	Cpr4	Nlu	Nilaparvata lugens	CPR	0.0	None	0.0	None	0.0	0.0	no_confident_CPAP_hit	low	no_confident_hit	no_ChtBD2_support	176	1	0	0	0	0	0	0	NA	NA	NA	NA	NA
Nlu_Cpr40	Cpr40	Nlu	Nilaparvata lugens	CPR	0.0	None	0.0	None	0.0	0.0	no_confident_CPAP_hit	low	no_confident_hit	no_ChtBD2_support	180	1	0	0	0	0	0	0	NA	NA	NA	NA	NA
Nlu_Cpr42	Cpr42	Nlu	Nilaparvata lugens	CPR	0.0	None	0.0	None	0.0	0.0	no_confident_CPAP_hit	low	no_confident_hit	no_ChtBD2_support	182	1	0	0	0	0	0	0	NA	NA	NA	NA	NA
Nlu_Cpr44	Cpr44	Nlu	Nilaparvata lugens	CPR	0.0	None	0.0	None	0.0	0.0	no_confident_CPAP_hit	low	no_confident_hit	no_ChtBD2_support	183	0	0	0	0	0	0	0	NA	NA	NA	NA	NA
Nlu_Cpr45	Cpr45	Nlu	Nilaparvata lugens	CPR	0.0	None	0.0	None	0.0	0.0	no_confident_CPAP_hit	low	no_confident_hit	no_ChtBD2_support	133	0	0	0	0	0	0	0	NA	NA	NA	NA	NA
Nlu_Cpr46	Cpr46	Nlu	Nilaparvata lugens	CPR	0.0	None	0.0	None	0.0	0.0	no_confident_CPAP_hit	low	no_confident_hit	no_ChtBD2_support	147	0	0	0	0	0	0	0	NA	NA	NA	NA	NA
Nlu_Cpr47	Cpr47	Nlu	Nilaparvata lugens	CPR RR-2	0.0	None	0.0	None	0.0	0.0	no_confident_CPAP_hit	low	no_confident_hit	no_ChtBD2_support	651	1	0	0	0	0	0	0	NA	NA	NA	NA	NA
Nlu_Cpr48	Cpr48	Nlu	Nilaparvata lugens	CPR	0.0	None	0.0	None	0.0	0.0	no_confident_CPAP_hit	low	no_confident_hit	no_ChtBD2_support	368	0	0	0	0	0	0	0	NA	NA	NA	NA	NA
Nlu_Cpr49	Cpr49	Nlu	Nilaparvata lugens	CPR	0.0	None	0.0	None	0.0	0.0	no_confident_CPAP_hit	low	no_confident_hit	no_ChtBD2_support	139	1	0	0	0	0	0	0	NA	NA	NA	NA	NA
Nlu_Cpr5	Cpr5	Nlu	Nilaparvata lugens	CPR	0.0	None	0.0	None	0.0	0.0	no_confident_CPAP_hit	low	no_confident_hit	no_ChtBD2_support	215	0	0	0	0	0	0	0	NA	NA	NA	NA	NA
Nlu_Cpr50	Cpr50	Nlu	Nilaparvata lugens	CPR	0.0	None	0.0	None	0.0	0.0	no_confident_CPAP_hit	low	no_confident_hit	no_ChtBD2_support	278	1	0	0	0	0	0	0	NA	NA	NA	NA	NA
Nlu_Cpr51	Cpr51	Nlu	Nilaparvata lugens	CPR RR-2	0.0	None	0.0	None	0.0	0.0	no_confident_CPAP_hit	low	no_confident_hit	no_ChtBD2_support	163	0	0	0	0	0	0	0	NA	NA	NA	NA	NA
Nlu_Cpr52_iso1	Cpr52	Nlu	Nilaparvata lugens	CPR RR-2	0.0	None	0.0	None	0.0	0.0	no_confident_CPAP_hit	low	no_confident_hit	no_ChtBD2_support	294	1	0	0	0	0	0	0	NA	NA	NA	NA	NA
Nlu_Cpr52_iso2	Cpr52_iso2	Nlu	Nilaparvata lugens	CPR	0.0	None	0.0	None	0.0	0.0	no_confident_CPAP_hit	low	no_confident_hit	no_ChtBD2_support	294	1	0	0	0	0	0	0	NA	NA	NA	NA	NA
Nlu_Cpr54	Cpr54	Nlu	Nilaparvata lugens	CPR RR-2	0.0	None	0.0	None	0.0	0.0	no_confident_CPAP_hit	low	no_confident_hit	no_ChtBD2_support	175	1	0	0	0	0	0	0	NA	NA	NA	NA	NA
Nlu_Cpr55	Cpr55	Nlu	Nilaparvata lugens	CPR	0.0	None	0.0	None	0.0	0.0	no_confident_CPAP_hit	low	no_confident_hit	no_ChtBD2_support	235	1	0	0	0	0	0	0	NA	NA	NA	NA	NA
Nlu_Cpr56	Cpr56	Nlu	Nilaparvata lugens	CPR RR-2	0.0	None	0.0	None	0.0	0.0	no_confident_CPAP_hit	low	no_confident_hit	no_ChtBD2_support	153	1	0	0	0	0	0	0	NA	NA	NA	NA	NA
Nlu_Cpr57	Cpr57	Nlu	Nilaparvata lugens	CPR	0.0	None	0.0	None	0.0	0.0	no_confident_CPAP_hit	low	no_confident_hit	no_ChtBD2_support	137	1	0	0	0	0	0	0	NA	NA	NA	NA	NA
Nlu_Cpr58	Cpr58	Nlu	Nilaparvata lugens	CPR RR-2	0.0	None	0.0	None	0.0	0.0	no_confident_CPAP_hit	low	no_confident_hit	no_ChtBD2_support	155	2	0	0	0	0	0	0	NA	NA	NA	NA	NA
Nlu_Cpr59	Cpr59	Nlu	Nilaparvata lugens	CPR	0.0	None	0.0	None	0.0	0.0	no_confident_CPAP_hit	low	no_confident_hit	no_ChtBD2_support	147	1	0	0	0	0	0	0	NA	NA	NA	NA	NA
Nlu_Cpr6	Cpr6	Nlu	Nilaparvata lugens	CPR RR-1	0.0	None	0.0	None	0.0	0.0	no_confident_CPAP_hit	low	no_confident_hit	no_ChtBD2_support	353	2	0	0	0	0	0	0	NA	NA	NA	NA	NA
Nlu_Cpr60	Cpr60	Nlu	Nilaparvata lugens	CPR	0.0	None	0.0	None	0.0	0.0	no_confident_CPAP_hit	low	no_confident_hit	no_ChtBD2_support	325	1	0	0	0	0	0	0	NA	NA	NA	NA	NA
Nlu_Cpr61	Cpr61	Nlu	Nilaparvata lugens	CPR RR-2	0.0	None	0.0	None	0.0	0.0	no_confident_CPAP_hit	low	no_confident_hit	no_ChtBD2_support	466	1	0	0	0	0	0	0	NA	NA	NA	NA	NA
Nlu_Cpr62	Cpr62	Nlu	Nilaparvata lugens	CPR RR-2	0.0	None	0.0	None	0.0	0.0	no_confident_CPAP_hit	low	no_confident_hit	no_ChtBD2_support	383	1	0	0	0	0	0	0	NA	NA	NA	NA	NA
Nlu_Cpr63	Cpr63	Nlu	Nilaparvata lugens	CPR	0.0	None	0.0	None	0.0	0.0	no_confident_CPAP_hit	low	no_confident_hit	no_ChtBD2_support	165	0	0	0	0	0	0	0	NA	NA	NA	NA	NA
Nlu_Cpr64	Cpr64	Nlu	Nilaparvata lugens	CPR RR-2	0.0	None	0.0	None	0.0	0.0	no_confident_CPAP_hit	low	no_confident_hit	no_ChtBD2_support	207	2	0	0	0	0	0	0	NA	NA	NA	NA	NA
Nlu_Cpr65	Cpr65	Nlu	Nilaparvata lugens	CPR	0.0	None	0.0	None	0.0	0.0	no_confident_CPAP_hit	low	no_confident_hit	no_ChtBD2_support	280	1	0	0	0	0	0	0	NA	NA	NA	NA	NA
Nlu_Cpr66	Cpr66	Nlu	Nilaparvata lugens	CPR	0.0	None	0.0	None	0.0	0.0	no_confident_CPAP_hit	low	no_confident_hit	no_ChtBD2_support	133	1	0	0	0	0	0	0	NA	NA	NA	NA	NA
Nlu_Cpr67	Cpr67	Nlu	Nilaparvata lugens	CPR	0.0	None	0.0	None	0.0	0.0	no_confident_CPAP_hit	low	no_confident_hit	no_ChtBD2_support	212	1	0	0	0	0	0	0	NA	NA	NA	NA	NA
Nlu_Cpr68	Cpr68	Nlu	Nilaparvata lugens	CPR	0.0	None	0.0	None	0.0	0.0	no_confident_CPAP_hit	low	no_confident_hit	no_ChtBD2_support	280	0	0	0	0	0	0	0	NA	NA	NA	NA	NA
Nlu_Cpr69_iso1	Cpr69	Nlu	Nilaparvata lugens	CPR RR-2	0.0	None	0.0	None	0.0	0.0	no_confident_CPAP_hit	low	no_confident_hit	no_ChtBD2_support	222	2	0	0	0	0	0	0	NA	NA	NA	NA	NA
Nlu_Cpr69_iso2	Cpr69_Iso2	Nlu	Nilaparvata lugens	CPR	0.0	None	0.0	None	0.0	0.0	no_confident_CPAP_hit	low	no_confident_hit	no_ChtBD2_support	221	2	0	0	0	0	0	0	NA	NA	NA	NA	NA
Nlu_Cpr7	Cpr7	Nlu	Nilaparvata lugens	CPR	0.0	None	0.0	None	0.0	0.0	no_confident_CPAP_hit	low	no_confident_hit	no_ChtBD2_support	136	1	0	0	0	0	0	0	NA	NA	NA	NA	NA
Nlu_Cpr70	Cpr70	Nlu	Nilaparvata lugens	CPR	0.0	None	0.0	None	0.0	0.0	no_confident_CPAP_hit	low	no_confident_hit	no_ChtBD2_support	111	1	0	0	0	0	0	0	NA	NA	NA	NA	NA
Nlu_Cpr71	Cpr71	Nlu	Nilaparvata lugens	CPR	0.0	None	0.0	None	0.0	0.0	no_confident_CPAP_hit	low	no_confident_hit	no_ChtBD2_support	1035	3	0	0	0	0	0	0	NA	NA	NA	NA	NA
Nlu_Cpr72	Cpr72	Nlu	Nilaparvata lugens	CPR	0.0	None	0.0	None	0.0	0.0	no_confident_CPAP_hit	low	no_confident_hit	no_ChtBD2_support	210	0	0	0	0	0	0	0	NA	NA	NA	NA	NA
Nlu_Cpr73	Cpr73	Nlu	Nilaparvata lugens	CPR RR-2	0.0	None	0.0	None	0.0	0.0	no_confident_CPAP_hit	low	no_confident_hit	no_ChtBD2_support	161	3	0	0	0	0	0	0	NA	NA	NA	NA	NA
Nlu_Cpr74	Cpr74	Nlu	Nilaparvata lugens	CPR	0.0	None	0.0	None	0.0	0.0	no_confident_CPAP_hit	low	no_confident_hit	no_ChtBD2_support	267	0	0	0	0	0	0	0	NA	NA	NA	NA	NA
Nlu_Cpr75	Cpr75	Nlu	Nilaparvata lugens	CPR	0.0	None	0.0	None	0.0	0.0	no_confident_CPAP_hit	low	no_confident_hit	no_ChtBD2_support	120	3	0	0	0	0	0	0	NA	NA	NA	NA	NA
Nlu_Cpr76	Cpr76	Nlu	Nilaparvata lugens	CPR	0.0	None	0.0	None	0.0	0.0	no_confident_CPAP_hit	low	no_confident_hit	no_ChtBD2_support	415	2	0	0	0	0	0	0	NA	NA	NA	NA	NA
Nlu_Cpr77	Cpr77	Nlu	Nilaparvata lugens	CPR	0.0	None	0.0	None	0.0	0.0	no_confident_CPAP_hit	low	no_confident_hit	no_ChtBD2_support	347	1	0	0	0	0	0	0	NA	NA	NA	NA	NA
Nlu_Cpr78	Cpr78	Nlu	Nilaparvata lugens	CPR	0.0	None	0.0	None	0.0	0.0	no_confident_CPAP_hit	low	no_confident_hit	no_ChtBD2_support	171	3	0	0	0	0	0	0	NA	NA	NA	NA	NA
Nlu_Cpr79	Cpr79	Nlu	Nilaparvata lugens	CPR	0.0	None	0.0	None	0.0	0.0	no_confident_CPAP_hit	low	no_confident_hit	no_ChtBD2_support	102	1	0	0	0	0	0	0	NA	NA	NA	NA	NA
Nlu_Cpr80	Cpr80	Nlu	Nilaparvata lugens	CPR	0.0	None	0.0	None	0.0	0.0	no_confident_CPAP_hit	low	no_confident_hit	no_ChtBD2_support	389	1	0	0	0	0	0	0	NA	NA	NA	NA	NA
Nlu_Cpr81	Cpr81	Nlu	Nilaparvata lugens	CPR	0.0	None	0.0	None	0.0	0.0	no_confident_CPAP_hit	low	no_confident_hit	no_ChtBD2_support	265	1	0	0	0	0	0	0	NA	NA	NA	NA	NA
Nlu_Cpr82	Cpr82	Nlu	Nilaparvata lugens	CPR	0.0	None	0.0	None	0.0	0.0	no_confident_CPAP_hit	low	no_confident_hit	no_ChtBD2_support	208	0	0	0	0	0	0	0	NA	NA	NA	NA	NA
Nlu_Cpr83	Cpr83	Nlu	Nilaparvata lugens	CPR RR-2	0.0	None	0.0	None	0.0	0.0	no_confident_CPAP_hit	low	no_confident_hit	no_ChtBD2_support	773	0	0	0	0	0	0	0	NA	NA	NA	NA	NA
Nlu_Cpr84	Cpr84	Nlu	Nilaparvata lugens	CPR	0.0	None	0.0	None	0.0	0.0	no_confident_CPAP_hit	low	no_confident_hit	no_ChtBD2_support	236	2	0	0	0	0	0	0	NA	NA	NA	NA	NA
Nlu_Cpr85	Cpr85	Nlu	Nilaparvata lugens	CPR	0.0	None	0.0	None	0.0	0.0	no_confident_CPAP_hit	low	no_confident_hit	no_ChtBD2_support	120	3	0	0	0	0	0	0	NA	NA	NA	NA	NA
Nlu_Cpr86	Cpr86	Nlu	Nilaparvata lugens	CPR	8.1	0.2	0.0	None	8.1	8.1	no_confident_CPAP_hit	low	no_confident_hit	no_ChtBD2_support	250	2	0	0	0	0	0	0	NA	NA	NA	NA	NA
Nlu_Cpr87	Cpr87	Nlu	Nilaparvata lugens	CPR	0.0	None	0.0	None	0.0	0.0	no_confident_CPAP_hit	low	no_confident_hit	no_ChtBD2_support	281	2	0	0	0	0	0	0	NA	NA	NA	NA	NA
Nlu_Cpr88	Cpr88	Nlu	Nilaparvata lugens	CPR	0.0	None	0.0	None	0.0	0.0	no_confident_CPAP_hit	low	no_confident_hit	no_ChtBD2_support	107	1	0	0	0	0	0	0	NA	NA	NA	NA	NA
Nlu_Cpr89	Cpr89	Nlu	Nilaparvata lugens	CPR	0.0	None	0.0	None	0.0	0.0	no_confident_CPAP_hit	low	no_confident_hit	no_ChtBD2_support	177	2	0	0	0	0	0	0	NA	NA	NA	NA	NA
Nlu_Cpr8_iso1	Cpr8	Nlu	Nilaparvata lugens	CPR RR-1	0.0	None	0.0	None	0.0	0.0	no_confident_CPAP_hit	low	no_confident_hit	no_ChtBD2_support	231	0	0	0	0	0	0	0	NA	NA	NA	NA	NA
Nlu_Cpr8_iso2	Cpr8_iso2	Nlu	Nilaparvata lugens	CPR	0.0	None	0.0	None	0.0	0.0	no_confident_CPAP_hit	low	no_confident_hit	no_ChtBD2_support	232	0	0	0	0	0	0	0	NA	NA	NA	NA	NA
Nlu_Cpr9	Cpr9	Nlu	Nilaparvata lugens	CPR	0.0	None	0.0	None	0.0	0.0	no_confident_CPAP_hit	low	no_confident_hit	no_ChtBD2_support	112	0	0	0	0	0	0	0	NA	NA	NA	NA	NA
Nlu_Cpr90	Cpr90	Nlu	Nilaparvata lugens	CPR RR-2	0.0	None	0.0	None	0.0	0.0	no_confident_CPAP_hit	low	no_confident_hit	no_ChtBD2_support	438	1	0	0	0	0	0	0	NA	NA	NA	NA	NA
Nlu_Cpr91	Cpr91	Nlu	Nilaparvata lugens	CPR	0.0	None	0.0	None	0.0	0.0	no_confident_CPAP_hit	low	no_confident_hit	no_ChtBD2_support	108	3	0	0	0	0	0	0	NA	NA	NA	NA	NA
Nlu_Cpr92	Cpr92	Nlu	Nilaparvata lugens	CPR	0.0	None	0.0	None	0.0	0.0	no_confident_CPAP_hit	low	no_confident_hit	no_ChtBD2_support	307	0	0	0	0	0	0	0	NA	NA	NA	NA	NA
Nlu_Cpr93	Cpr93	Nlu	Nilaparvata lugens	CPR	0.0	None	0.0	None	0.0	0.0	no_confident_CPAP_hit	low	no_confident_hit	no_ChtBD2_support	154	0	0	0	0	0	0	0	NA	NA	NA	NA	NA
Nlu_Cpr94	Cpr94	Nlu	Nilaparvata lugens	CPR	0.0	None	0.0	None	0.0	0.0	no_confident_CPAP_hit	low	no_confident_hit	no_ChtBD2_support	348	1	0	0	0	0	0	0	NA	NA	NA	NA	NA
Nlu_Cpr95	Cpr95	Nlu	Nilaparvata lugens	CPR	0.0	None	0.0	None	0.0	0.0	no_confident_CPAP_hit	low	no_confident_hit	no_ChtBD2_support	248	0	0	0	0	0	0	0	NA	NA	NA	NA	NA
Nlu_Cpr96	Cpr96	Nlu	Nilaparvata lugens	CPR	0.0	None	0.0	None	0.0	0.0	no_confident_CPAP_hit	low	no_confident_hit	no_ChtBD2_support	410	1	0	0	0	0	0	0	NA	NA	NA	NA	NA
Nlu_TwdlE1	TwdlE1	Nlu	Nilaparvata lugens	Tweedle	0.0	None	0.0	None	0.0	0.0	no_confident_CPAP_hit	low	no_confident_hit	no_ChtBD2_support	211	0	0	0	0	0	0	0	NA	NA	NA	NA	NA
Nlu_TwdlE2	TwdlE2	Nlu	Nilaparvata lugens	Twdl	0.0	None	0.0	None	0.0	0.0	no_confident_CPAP_hit	low	no_confident_hit	no_ChtBD2_support	280	1	0	0	0	0	0	0	NA	NA	NA	NA	NA
Nlu_TwdlE3	TwdlE3	Nlu	Nilaparvata lugens	Tweedle	0.0	None	0.0	None	0.0	0.0	no_confident_CPAP_hit	low	no_confident_hit	no_ChtBD2_support	314	0	0	0	0	0	0	0	NA	NA	NA	NA	NA
Npl_Lac2	Lac2	Npl	Nysius plebeius	Muticopper oxidase / Phenol oxidase	0.0	None	0.0	None	0.0	0.0	no_confident_CPAP_hit	low	no_confident_hit	no_ChtBD2_support	443	8	0	0	0	0	0	0	97	97	8,84,8,3,1	236	345
Ofa_Lac2	Lac2	Ofa	Oncopeltus fasciatus	Muticopper oxidase / Phenol oxidase	0.0	None	0.0	None	0.0	0.0	no_confident_CPAP_hit	low	no_confident_hit	no_ChtBD2_support	459	10	0	0	0	0	0	0	97	97	8,84,8,3,1	284	393
Pba_CPR-54	CPR-54	Pba	Pseudoregma bambucicola	CPR RR-2	0.0	None	0.0	None	0.0	0.0	no_confident_CPAP_hit	low	no_confident_hit	no_ChtBD2_support	249	0	0	0	0	0	0	0	NA	NA	NA	NA	NA
Pci_CPR12	CPR12	Pci	Panonychus citri	CPR RR-2	0.0	None	0.0	None	0.0	0.0	no_confident_CPAP_hit	low	no_confident_hit	no_ChtBD2_support	192	2	0	0	0	0	0	0	NA	NA	NA	NA	NA
Pci_CPR16.8	CPR16.8	Pci	Panonychus citri	CPR RR-2	0.0	None	0.0	None	0.0	0.0	no_confident_CPAP_hit	low	no_confident_hit	no_ChtBD2_support	211	1	0	0	0	0	0	0	NA	NA	NA	NA	NA
Pci_CPR2	CPR2	Pci	Panonychus citri	CPR RR-2	0.0	None	0.0	None	0.0	0.0	no_confident_CPAP_hit	low	no_confident_hit	no_ChtBD2_support	246	3	0	0	0	0	0	0	NA	NA	NA	NA	NA
Pps_CPR1	CPR1	Pps	Pardosa pseudoannulata	CPR RR-1	0.0	None	0.0	None	0.0	0.0	no_confident_CPAP_hit	low	no_confident_hit	no_ChtBD2_support	138	1	0	0	0	0	0	0	NA	NA	NA	NA	NA
Pps_CPR10	CPR10	Pps	Pardosa pseudoannulata	CPR RR-1	0.0	None	0.0	None	0.0	0.0	no_confident_CPAP_hit	low	no_confident_hit	no_ChtBD2_support	154	1	0	0	0	0	0	0	NA	NA	NA	NA	NA
Pps_CPR12	CPR12	Pps	Pardosa pseudoannulata	CPR RR-1	0.0	None	0.0	None	0.0	0.0	no_confident_CPAP_hit	low	no_confident_hit	no_ChtBD2_support	131	0	0	0	0	0	0	0	NA	NA	NA	NA	NA
Pps_CPR2	CPR2	Pps	Pardosa pseudoannulata	CPR RR-1	0.0	None	0.0	None	0.0	0.0	no_confident_CPAP_hit	low	no_confident_hit	no_ChtBD2_support	517	1	0	0	0	0	0	0	NA	NA	NA	NA	NA
Pps_CPR3	CPR3	Pps	Pardosa pseudoannulata	CPR RR-1	0.0	None	0.0	None	0.0	0.0	no_confident_CPAP_hit	low	no_confident_hit	no_ChtBD2_support	278	1	0	0	0	0	0	0	NA	NA	NA	NA	NA
Pps_CPR9	CPR9	Pps	Pardosa pseudoannulata	CPR RR-1	0.0	None	0.0	None	0.0	0.0	no_confident_CPAP_hit	low	no_confident_hit	no_ChtBD2_support	136	1	0	0	0	0	0	0	NA	NA	NA	NA	NA
Pxy_LCP-17	LCP-17	Pxy	Plutella xylostella	CPR RR-1	0.0	None	0.0	None	0.0	0.0	no_confident_CPAP_hit	low	no_confident_hit	no_ChtBD2_support	214	2	0	0	0	0	0	0	NA	NA	NA	NA	NA
Pxy_PCP	PCP	Pxy	Plutella xylostella	CPR RR-1	0.0	None	0.0	None	0.0	0.0	no_confident_CPAP_hit	low	no_confident_hit	no_ChtBD2_support	260	1	0	0	0	0	0	0	NA	NA	NA	NA	NA
Rpe_Lac2	Lac2	Rpe	Riptortus pedestris	Muticopper oxidase / Phenol oxidase	0.0	None	0.0	None	0.0	0.0	no_confident_CPAP_hit	low	no_confident_hit	no_ChtBD2_support	725	19	0	0	0	0	0	0	25	25	3,8,15,2,11	120	164
Sex_CPG316	CPG316	Sex	Spodoptera exigua	CPR RR-2	0.0	None	0.0	None	0.0	0.0	no_confident_CPAP_hit	low	no_confident_hit	no_ChtBD2_support	194	0	0	0	0	0	0	0	NA	NA	NA	NA	NA
Sex_CPG4855	CPG4855	Sex	Spodoptera exigua	CPR RR-2	0.0	None	0.0	None	0.0	0.0	no_confident_CPAP_hit	low	no_confident_hit	no_ChtBD2_support	209	3	0	0	0	0	0	0	NA	NA	NA	NA	NA
Sex_CPG860	CPG860	Sex	Spodoptera exigua	CPR RR-2	0.0	None	0.0	None	0.0	0.0	no_confident_CPAP_hit	low	no_confident_hit	no_ChtBD2_support	194	1	0	0	0	0	0	0	NA	NA	NA	NA	NA
Sgr_pro-resilin	pro-resilin	Sgr	Schistocerca gregaria	CPR RR-2	0.0	None	0.0	None	0.0	0.0	no_confident_CPAP_hit	low	no_confident_hit	no_ChtBD2_support	455	0	0	0	0	0	0	0	NA	NA	NA	NA	NA
Sli_CP26	CP26	Sli	Spodoptera litura	CPR RR-2	0.0	None	0.0	None	0.0	0.0	no_confident_CPAP_hit	low	no_confident_hit	no_ChtBD2_support	191	0	0	0	0	0	0	0	NA	NA	NA	NA	NA
Sli_LCP167	LCP167	Sli	Spodoptera litura	CPR RR-2	0.0	None	0.0	None	0.0	0.0	no_confident_CPAP_hit	low	no_confident_hit	no_ChtBD2_support	163	0	0	0	0	0	0	0	NA	NA	NA	NA	NA
Tca_CHT5	CHT5	Tca	Tribolium castaneum	Chitinase - group I	25.5	1e-06	39.2	6.6e-11	-13.7	39.2	no_confident_CPAP_hit	low	no_confident_hit	ChtBD2_like_but_no_confident_CPAP_HMM	533	12	0	0	1	0	0	1	4	4	9,5,9,12,10	478	528
Tca_CHT7	CHT7	Tca	Tribolium castaneum	Chitinase - group III	33.9	2.6e-09	43.2	3.9e-12	-9.3	43.2	no_confident_CPAP_hit	low	no_confident_hit	ChtBD2_like_but_no_confident_CPAP_HMM	980	15	0	1	1	0	1	1	3	0	15,5,9,12,8	915	969
Tca_CP30	CP30	Tca	Tribolium castaneum	Low complexity	0.0	None	0.0	None	0.0	0.0	no_confident_CPAP_hit	low	no_confident_hit	no_ChtBD2_support	171	0	0	0	0	0	0	0	NA	NA	NA	NA	NA
Tca_CP63	CP63	Tca	Tribolium castaneum	non-canonical CP	0.0	None	0.0	None	0.0	0.0	no_confident_CPAP_hit	low	no_confident_hit	no_ChtBD2_support	147	0	0	0	0	0	0	0	NA	NA	NA	NA	NA
Tca_CPR15	CPR15	Tca	Tribolium castaneum	CPR RR-2	0.0	None	0.0	None	0.0	0.0	no_confident_CPAP_hit	low	no_confident_hit	no_ChtBD2_support	145	0	0	0	0	0	0	0	NA	NA	NA	NA	NA
Tca_CPR18	CPR18	Tca	Tribolium castaneum	CPR RR-2	0.0	None	0.0	None	0.0	0.0	no_confident_CPAP_hit	low	no_confident_hit	no_ChtBD2_support	167	0	0	0	0	0	0	0	NA	NA	NA	NA	NA
Tca_CPR27	CPR27	Tca	Tribolium castaneum	CPR RR-2	0.0	None	0.0	None	0.0	0.0	no_confident_CPAP_hit	low	no_confident_hit	no_ChtBD2_support	116	0	0	0	0	0	0	0	NA	NA	NA	NA	NA
Tca_CPR4	CPR4	Tca	Tribolium castaneum	CPR RR-1	0.0	None	0.0	None	0.0	0.0	no_confident_CPAP_hit	low	no_confident_hit	no_ChtBD2_support	210	1	0	0	0	0	0	0	NA	NA	NA	NA	NA
Tca_CPR69	CPR69	Tca	Tribolium castaneum	CPR RR-1	0.0	None	0.0	None	0.0	0.0	no_confident_CPAP_hit	low	no_confident_hit	no_ChtBD2_support	177	0	0	0	0	0	0	0	NA	NA	NA	NA	NA
Tca_IDGF4	IDGF4	Tca	Tribolium castaneum	Chitinase - group IV	0.0	None	0.0	None	0.0	0.0	no_confident_CPAP_hit	low	no_confident_hit	no_ChtBD2_support	431	4	0	0	0	0	0	0	NA	NA	NA	NA	NA
Tca_Lac2	Lac2	Tca	Tribolium castaneum	Muticopper oxidase / Phenol oxidase	0.0	None	0.0	None	0.0	0.0	no_confident_CPAP_hit	low	no_confident_hit	no_ChtBD2_support	717	20	0	0	0	0	0	0	25	25	3,8,15,2,11	108	152
Tca_Y-e	Y-e	Tca	Tribolium castaneum	Yellow	0.0	None	0.0	None	0.0	0.0	no_confident_CPAP_hit	low	no_confident_hit	no_ChtBD2_support	395	4	0	0	0	0	0	0	NA	NA	NA	NA	NA
Tci_CPR	CPR	Tci	Tetranychus cinnabarinus	CPR	0.0	None	0.0	None	0.0	0.0	no_confident_CPAP_hit	low	no_confident_hit	no_ChtBD2_support	796	0	0	0	0	0	0	0	NA	NA	NA	NA	NA
Tci_CPR25	CPR25	Tci	Tetranychus cinnabarinus	CPR	0.0	None	0.0	None	0.0	0.0	no_confident_CPAP_hit	low	no_confident_hit	no_ChtBD2_support	269	1	0	0	0	0	0	0	NA	NA	NA	NA	NA
Tmo_ACP20	ACP20	Tmo	Tenebrio molitor	CPR RR-2	0.0	None	0.0	None	0.0	0.0	no_confident_CPAP_hit	low	no_confident_hit	no_ChtBD2_support	355	3	0	0	0	0	0	0	NA	NA	NA	NA	NA
Tmo_ACP22	ACP22	Tmo	Tenebrio molitor	CPR RR-2	0.0	None	0.0	None	0.0	0.0	no_confident_CPAP_hit	low	no_confident_hit	no_ChtBD2_support	199	0	0	0	0	0	0	0	NA	NA	NA	NA	NA
Tmo_LPCP-22	LPCP-22	Tmo	Tenebrio molitor	low complexity	0.0	None	0.0	None	0.0	0.0	no_confident_CPAP_hit	low	no_confident_hit	no_ChtBD2_support	211	0	0	0	0	0	0	0	NA	NA	NA	NA	NA
Tpa_A3A-like	A3A-like	Tpa	Thrips palmi	CPR RR-1	0.0	None	0.0	None	0.0	0.0	no_confident_CPAP_hit	low	no_confident_hit	no_ChtBD2_support	167	0	0	0	0	0	0	0	NA	NA	NA	NA	NA
Tpa_Abd4-like	Abd4-like	Tpa	Thrips palmi	CPR RR-1	0.0	None	0.0	None	0.0	0.0	no_confident_CPAP_hit	low	no_confident_hit	no_ChtBD2_support	145	0	0	0	0	0	0	0	NA	NA	NA	NA	NA
Tpa_C1B-like	C1B-like	Tpa	Thrips palmi	CPR RR-1	0.0	None	0.0	None	0.0	0.0	no_confident_CPAP_hit	low	no_confident_hit	no_ChtBD2_support	183	0	0	0	0	0	0	0	NA	NA	NA	NA	NA
